ID,gender,age,maritalStatus,education,occupation,income,Bar,CoffeeHouse,CarryAway,RestaurantLessThan20,Restaurant20To50
11263,Male,50plus,Widowed,Some college - no degree,Construction & Extraction,Less than $12500,never,never,less1,1~3,less1
20136,Female,26,Married partner,Some college - no degree,Office & Administrative Support,$75000 - $87499,never,never,1~3,4~8,less1
14763,Female,50plus,Single,Bachelors degree,Retired,$37500 - $49999,never,never,less1,4~8,less1
12612,Female,41,Married partner,Bachelors degree,Legal,$100000 or More,never,1~3,1~3,1~3,less1
17850,Female,31,Married partner,Some college - no degree,Computer & Mathematical,$100000 or More,less1,less1,gt8,4~8,less1
14214,Male,41,Married partner,Graduate degree (Masters or Doctorate),Computer & Mathematical,$37500 - $49999,less1,less1,gt8,gt8,4~8
14821,Female,31,Single,Bachelors degree,Community & Social Services,$50000 - $62499,4~8,1~3,1~3,1~3,less1
18046,Male,31,Single,Some college - no degree,Unemployed,$12500 - $24999,1~3,less1,4~8,less1,never
21932,Female,31,Married partner,Some college - no degree,Computer & Mathematical,$100000 or More,less1,less1,gt8,4~8,less1
19417,Female,50plus,Divorced,Some college - no degree,Unemployed,$37500 - $49999,never,never,4~8,1~3,less1
11146,Female,31,Married partner,Some college - no degree,Computer & Mathematical,$100000 or More,less1,less1,gt8,4~8,less1
22156,Female,31,Single,Associates degree,Arts Design Entertainment Sports & Media,$75000 - $87499,,less1,gt8,1~3,less1
21691,Female,50plus,Married partner,High School Graduate,Sales & Related,$37500 - $49999,never,gt8,4~8,1~3,less1
19338,Female,50plus,Single,Associates degree,Retired,Less than $12500,never,never,less1,never,never
11957,Male,41,Married partner,Graduate degree (Masters or Doctorate),Education&Training&Library,$50000 - $62499,less1,4~8,4~8,1~3,less1
12332,Female,31,Single,Bachelors degree,Sales & Related,$25000 - $37499,4~8,1~3,1~3,4~8,1~3
18362,Male,26,Unmarried partner,Bachelors degree,Sales & Related,$75000 - $87499,never,never,1~3,4~8,1~3
17177,Male,46,Single,Graduate degree (Masters or Doctorate),Computer & Mathematical,$37500 - $49999,never,gt8,1~3,4~8,less1
19953,Male,31,Single,Bachelors degree,Education&Training&Library,$50000 - $62499,never,never,1~3,1~3,1~3
16498,Male,36,Unmarried partner,Bachelors degree,Retired,$37500 - $49999,1~3,4~8,4~8,1~3,1~3
20651,Male,21,Unmarried partner,Some college - no degree,Student,Less than $12500,less1,1~3,4~8,4~8,1~3
13482,Female,41,Married partner,Some college - no degree,Unemployed,$25000 - $37499,never,never,4~8,1~3,less1
10087,Male,46,Married partner,Bachelors degree,Education&Training&Library,$75000 - $87499,less1,1~3,1~3,1~3,less1
14814,Female,31,Single,Bachelors degree,Community & Social Services,$50000 - $62499,4~8,1~3,1~3,1~3,less1
12303,Male,50plus,Married partner,Some college - no degree,Computer & Mathematical,$50000 - $62499,never,gt8,never,4~8,less1
14597,Male,36,Married partner,Graduate degree (Masters or Doctorate),Education&Training&Library,$100000 or More,never,never,1~3,1~3,less1
16663,Male,26,Unmarried partner,Some college - no degree,Transportation & Material Moving,$12500 - $24999,1~3,4~8,1~3,4~8,less1
11667,Male,50plus,Unmarried partner,Bachelors degree,Personal Care & Service,$100000 or More,gt8,never,1~3,4~8,1~3
17320,Female,26,Single,Bachelors degree,Office & Administrative Support,$87500 - $99999,gt8,less1,1~3,1~3,1~3
15139,Male,21,Single,Bachelors degree,Student,$50000 - $62499,less1,never,4~8,less1,never
13240,Female,31,Single,High School Graduate,Healthcare Support,$25000 - $37499,never,1~3,1~3,1~3,1~3
21013,Female,36,Single,High School Graduate,Food Preparation & Serving Related,$12500 - $24999,less1,less1,1~3,less1,less1
12976,Male,31,Married partner,Some college - no degree,Computer & Mathematical,$37500 - $49999,never,less1,4~8,less1,less1
17222,Male,36,Unmarried partner,Associates degree,Unemployed,$25000 - $37499,never,never,1~3,less1,never
14917,Female,31,Married partner,Some college - no degree,Arts Design Entertainment Sports & Media,$12500 - $24999,never,1~3,4~8,4~8,never
15051,Male,21,Single,Bachelors degree,Computer & Mathematical,$12500 - $24999,less1,1~3,gt8,gt8,1~3
13749,Female,26,Unmarried partner,Some college - no degree,Food Preparation & Serving Related,$25000 - $37499,less1,less1,1~3,less1,1~3
19106,Male,26,Married partner,Bachelors degree,Sales & Related,$25000 - $37499,less1,never,1~3,less1,less1
16037,Female,26,Unmarried partner,Some college - no degree,Management,$37500 - $49999,less1,less1,less1,1~3,less1
14515,Female,36,Unmarried partner,Graduate degree (Masters or Doctorate),Legal,$62500 - $74999,1~3,gt8,4~8,gt8,1~3
14761,Female,50plus,Single,Bachelors degree,Retired,$37500 - $49999,never,never,less1,4~8,less1
14293,Male,21,Unmarried partner,Bachelors degree,Education&Training&Library,$12500 - $24999,1~3,4~8,4~8,4~8,never
18605,Female,50plus,Married partner,Associates degree,Office & Administrative Support,$75000 - $87499,1~3,4~8,,4~8,4~8
19026,Male,21,Single,Some college - no degree,Student,$12500 - $24999,1~3,less1,4~8,less1,never
19202,Male,21,Single,Bachelors degree,Legal,$87500 - $99999,1~3,never,less1,less1,less1
16740,Male,21,Single,Some college - no degree,Unemployed,$75000 - $87499,1~3,4~8,less1,less1,never
19447,Male,50plus,Unmarried partner,High School Graduate,Retired,$50000 - $62499,less1,less1,4~8,1~3,less1
18805,Male,36,Married partner,Graduate degree (Masters or Doctorate),Computer & Mathematical,$100000 or More,never,never,less1,1~3,1~3
22285,Female,50plus,Widowed,High School Graduate,Retired,$12500 - $24999,never,never,4~8,1~3,
15754,Male,26,Married partner,Some college - no degree,Computer & Mathematical,$50000 - $62499,never,1~3,1~3,less1,1~3
22658,Male,31,Married partner,Bachelors degree,Business & Financial,$100000 or More,less1,never,4~8,gt8,less1
21442,Male,31,Married partner,Bachelors degree,Sales & Related,$75000 - $87499,1~3,1~3,4~8,4~8,4~8
14648,Female,50plus,Divorced,Graduate degree (Masters or Doctorate),Sales & Related,$37500 - $49999,less1,1~3,4~8,1~3,less1
21206,Male,26,Single,Bachelors degree,Student,$12500 - $24999,less1,gt8,gt8,gt8,less1
20233,Female,below21,Unmarried partner,High School Graduate,Student,Less than $12500,never,4~8,1~3,4~8,less1
13008,Female,31,Divorced,Some college - no degree,Food Preparation & Serving Related,$12500 - $24999,1~3,never,4~8,less1,less1
17234,Male,36,Unmarried partner,Associates degree,Unemployed,$25000 - $37499,never,never,1~3,less1,never
18111,Female,41,Married partner,Associates degree,Education&Training&Library,$62500 - $74999,never,less1,less1,less1,less1
11206,Female,31,Married partner,Some college - no degree,Sales & Related,$12500 - $24999,1~3,,4~8,4~8,
12679,Male,41,Divorced,Some college - no degree,Transportation & Material Moving,$50000 - $62499,less1,less1,1~3,1~3,1~3
16820,Male,26,Unmarried partner,Some college - no degree,Unemployed,$12500 - $24999,never,less1,1~3,4~8,less1
16737,Male,21,Single,Some college - no degree,Unemployed,$75000 - $87499,1~3,4~8,less1,less1,never
10832,Male,50plus,Married partner,Bachelors degree,Retired,$87500 - $99999,never,never,less1,1~3,less1
11659,Male,50plus,Unmarried partner,Bachelors degree,Personal Care & Service,$100000 or More,gt8,never,1~3,4~8,1~3
13070,Male,26,Single,High School Graduate,Unemployed,$37500 - $49999,gt8,gt8,gt8,gt8,gt8
13002,Male,21,Unmarried partner,Some college - no degree,Protective Service,$25000 - $37499,gt8,4~8,gt8,4~8,less1
10519,Male,50plus,Divorced,Some college - no degree,Management,$62500 - $74999,,,,,
15906,Female,21,Married partner,Some college - no degree,Unemployed,$87500 - $99999,less1,1~3,1~3,4~8,4~8
21893,Male,26,Single,Some college - no degree,Unemployed,$100000 or More,1~3,never,4~8,1~3,less1
16594,Male,36,Married partner,Associates degree,Management,$87500 - $99999,never,,less1,less1,never
22074,Female,46,Married partner,Bachelors degree,Business & Financial,$100000 or More,never,4~8,4~8,1~3,
12022,Female,50plus,Married partner,Associates degree,Legal,$100000 or More,less1,never,gt8,4~8,1~3
17683,Male,36,Single,Some college - no degree,Construction & Extraction,$50000 - $62499,never,never,1~3,less1,less1
14557,Female,31,Married partner,Some college - no degree,Office & Administrative Support,$37500 - $49999,1~3,1~3,4~8,1~3,less1
19778,Male,31,Single,Some college - no degree,Office & Administrative Support,$12500 - $24999,4~8,never,gt8,4~8,never
11384,Male,41,Married partner,Some college - no degree,Computer & Mathematical,$50000 - $62499,1~3,less1,1~3,1~3,less1
22010,Male,21,Single,Some college - no degree,Student,Less than $12500,4~8,1~3,4~8,1~3,less1
21217,Male,below21,Unmarried partner,Some college - no degree,Student,$25000 - $37499,never,never,1~3,less1,never
11437,Female,46,Single,Some college - no degree,Sales & Related,$25000 - $37499,never,never,1~3,less1,less1
13489,Female,41,Married partner,Some college - no degree,Unemployed,$25000 - $37499,never,never,4~8,1~3,less1
17176,Male,46,Single,Graduate degree (Masters or Doctorate),Computer & Mathematical,$37500 - $49999,never,gt8,1~3,4~8,less1
16176,Female,21,Unmarried partner,Some college - no degree,Sales & Related,$25000 - $37499,never,less1,less1,less1,never
14371,Male,21,Unmarried partner,Some college - no degree,Student,Less than $12500,less1,1~3,4~8,4~8,never
22002,Male,21,Single,Some college - no degree,Student,Less than $12500,4~8,1~3,4~8,1~3,less1
12344,Female,31,Married partner,Some college - no degree,Education&Training&Library,$50000 - $62499,less1,1~3,4~8,4~8,less1
17843,Female,31,Married partner,Some college - no degree,Computer & Mathematical,$100000 or More,less1,less1,gt8,4~8,less1
14364,Female,below21,Single,High School Graduate,Unemployed,Less than $12500,never,never,4~8,4~8,never
11822,Female,50plus,Married partner,Bachelors degree,Retired,$50000 - $62499,never,less1,4~8,1~3,less1
10756,Female,50plus,Married partner,Some college - no degree,Healthcare Support,$25000 - $37499,1~3,1~3,4~8,4~8,1~3
15481,Female,41,Single,Some college - no degree,Business & Financial,$12500 - $24999,never,less1,less1,less1,never
20115,Female,36,Married partner,Graduate degree (Masters or Doctorate),Healthcare Practitioners & Technical,$87500 - $99999,1~3,4~8,4~8,4~8,1~3
16253,Male,41,Divorced,Associates degree,Arts Design Entertainment Sports & Media,$12500 - $24999,4~8,4~8,1~3,1~3,less1
22327,Male,31,Married partner,Some college - no degree,Computer & Mathematical,$37500 - $49999,never,never,1~3,1~3,1~3
11683,Male,46,Single,Bachelors degree,Management,$100000 or More,never,less1,4~8,1~3,never
16258,Male,36,Single,Some college - no degree,Computer & Mathematical,$37500 - $49999,less1,1~3,4~8,1~3,less1
16759,Female,31,Married partner,Some college - no degree,Arts Design Entertainment Sports & Media,$100000 or More,less1,less1,gt8,4~8,1~3
13038,Male,21,Single,Some college - no degree,Student,$12500 - $24999,less1,never,less1,less1,less1
11584,Male,31,Single,High School Graduate,Computer & Mathematical,$25000 - $37499,less1,never,1~3,less1,never
16905,Female,21,Unmarried partner,Bachelors degree,Sales & Related,$25000 - $37499,1~3,4~8,4~8,1~3,1~3
20725,Female,21,Married partner,Some college - no degree,Unemployed,$25000 - $37499,never,less1,1~3,1~3,never
19698,Male,41,Married partner,Some college - no degree,Production Occupations,$25000 - $37499,less1,never,gt8,1~3,1~3
16675,Male,21,Single,Bachelors degree,Student,$37500 - $49999,less1,1~3,4~8,1~3,less1
10857,Male,41,Married partner,Bachelors degree,Unemployed,$87500 - $99999,,,,,
21093,Male,50plus,Divorced,Some college - no degree,Production Occupations,$37500 - $49999,1~3,4~8,4~8,gt8,4~8
20443,Female,21,Single,High School Graduate,Unemployed,Less than $12500,1~3,4~8,gt8,gt8,4~8
16576,Female,41,Married partner,Bachelors degree,Office & Administrative Support,$62500 - $74999,4~8,1~3,4~8,gt8,less1
18706,Male,31,Married partner,Graduate degree (Masters or Doctorate),Business & Financial,$75000 - $87499,1~3,4~8,less1,4~8,less1
15094,Male,21,Single,High School Graduate,Unemployed,$25000 - $37499,less1,1~3,4~8,1~3,less1
17200,Female,50plus,Married partner,Some college - no degree,Arts Design Entertainment Sports & Media,$37500 - $49999,never,1~3,never,1~3,less1
12610,Female,41,Married partner,Bachelors degree,Legal,$100000 or More,never,1~3,1~3,1~3,less1
10739,Male,41,Single,Some college - no degree,Sales & Related,$37500 - $49999,never,never,4~8,1~3,less1
10939,Female,31,Single,Graduate degree (Masters or Doctorate),Life Physical Social Science,$50000 - $62499,1~3,4~8,4~8,4~8,4~8
11802,Male,36,Unmarried partner,Some college - no degree,Unemployed,$87500 - $99999,1~3,less1,4~8,1~3,less1
16149,Male,46,Married partner,Graduate degree (Masters or Doctorate),Retired,$50000 - $62499,never,never,less1,4~8,1~3
22150,Female,21,Unmarried partner,Bachelors degree,Unemployed,$25000 - $37499,never,never,1~3,1~3,less1
11988,Male,21,Married partner,Bachelors degree,Management,$50000 - $62499,never,never,4~8,4~8,1~3
17616,Female,36,Unmarried partner,Some college - no degree,Computer & Mathematical,$12500 - $24999,never,1~3,less1,1~3,4~8
21967,Male,50plus,Married partner,Graduate degree (Masters or Doctorate),Education&Training&Library,$25000 - $37499,less1,1~3,1~3,1~3,less1
12930,Female,31,Divorced,High School Graduate,Business & Financial,$25000 - $37499,1~3,less1,1~3,less1,4~8
16894,Female,21,Unmarried partner,Bachelors degree,Sales & Related,$25000 - $37499,1~3,4~8,4~8,1~3,1~3
14308,Female,46,Single,Some college - no degree,Protective Service,$25000 - $37499,1~3,never,4~8,1~3,1~3
16051,Female,26,Single,High School Graduate,Unemployed,Less than $12500,less1,less1,4~8,1~3,never
12317,Female,31,Single,Bachelors degree,Sales & Related,$25000 - $37499,4~8,1~3,1~3,4~8,1~3
15426,Female,26,Single,Bachelors degree,Personal Care & Service,$12500 - $24999,never,,1~3,1~3,less1
10836,Male,50plus,Married partner,Bachelors degree,Retired,$87500 - $99999,never,never,less1,1~3,less1
14553,Female,31,Married partner,Some college - no degree,Office & Administrative Support,$37500 - $49999,1~3,1~3,4~8,1~3,less1
18210,Male,31,Single,Associates degree,Installation Maintenance & Repair,$37500 - $49999,1~3,4~8,1~3,1~3,less1
13123,Male,50plus,Unmarried partner,Some college - no degree,Installation Maintenance & Repair,$12500 - $24999,4~8,less1,1~3,1~3,less1
16656,Male,26,Unmarried partner,Some college - no degree,Transportation & Material Moving,$12500 - $24999,1~3,4~8,1~3,4~8,less1
10636,Female,41,Single,Some college - no degree,Office & Administrative Support,$25000 - $37499,less1,1~3,1~3,1~3,never
10488,Male,26,Single,Some college - no degree,Unemployed,$87500 - $99999,never,1~3,4~8,less1,never
12705,Female,41,Married partner,Bachelors degree,Education&Training&Library,$100000 or More,less1,1~3,1~3,4~8,less1
18374,Female,50plus,Married partner,Bachelors degree,Education&Training&Library,$12500 - $24999,less1,4~8,4~8,gt8,less1
11510,Female,31,Unmarried partner,Bachelors degree,Legal,$100000 or More,never,less1,less1,1~3,1~3
14244,Male,21,Single,Bachelors degree,Student,$100000 or More,1~3,4~8,1~3,4~8,1~3
14518,Female,36,Unmarried partner,Graduate degree (Masters or Doctorate),Legal,$62500 - $74999,1~3,gt8,4~8,gt8,1~3
20379,Female,26,Unmarried partner,Graduate degree (Masters or Doctorate),Computer & Mathematical,$62500 - $74999,1~3,less1,1~3,4~8,1~3
13403,Male,50plus,Married partner,Some college - no degree,Protective Service,$37500 - $49999,never,less1,gt8,gt8,1~3
19102,Male,26,Married partner,Bachelors degree,Sales & Related,$25000 - $37499,less1,never,1~3,less1,less1
16745,Male,21,Single,Some college - no degree,Unemployed,$75000 - $87499,1~3,4~8,less1,less1,never
16538,Female,50plus,Divorced,Graduate degree (Masters or Doctorate),Community & Social Services,$25000 - $37499,never,1~3,less1,4~8,less1
15602,Male,below21,Single,Some college - no degree,Student,Less than $12500,never,less1,gt8,1~3,never
19768,Female,50plus,Married partner,Bachelors degree,Education&Training&Library,$100000 or More,never,less1,4~8,1~3,1~3
20429,Female,21,Single,High School Graduate,Unemployed,Less than $12500,1~3,4~8,gt8,gt8,4~8
18990,Female,46,Married partner,High School Graduate,Transportation & Material Moving,$37500 - $49999,less1,less1,1~3,1~3,never
16206,Female,31,Unmarried partner,Some High School,Computer & Mathematical,$12500 - $24999,1~3,1~3,4~8,1~3,less1
16962,Female,31,Married partner,Some college - no degree,Computer & Mathematical,$100000 or More,less1,less1,gt8,4~8,less1
21715,Female,21,Single,Bachelors degree,Arts Design Entertainment Sports & Media,$75000 - $87499,gt8,less1,gt8,4~8,never
19560,Male,31,Married partner,Some college - no degree,Farming Fishing & Forestry,$37500 - $49999,less1,less1,less1,1~3,less1
12091,Female,36,Divorced,Graduate degree (Masters or Doctorate),Student,$12500 - $24999,never,gt8,gt8,gt8,1~3
18100,Female,50plus,Married partner,Some college - no degree,Education&Training&Library,$50000 - $62499,less1,never,4~8,1~3,less1
18779,Female,50plus,Single,Graduate degree (Masters or Doctorate),Education&Training&Library,$87500 - $99999,1~3,1~3,less1,1~3,less1
21103,Male,21,Single,Some college - no degree,Computer & Mathematical,Less than $12500,never,4~8,4~8,4~8,never
22616,Female,21,Unmarried partner,Bachelors degree,Unemployed,$37500 - $49999,never,4~8,1~3,1~3,less1
18116,Female,41,Married partner,Associates degree,Education&Training&Library,$62500 - $74999,never,less1,less1,less1,less1
21027,Female,26,Single,Bachelors degree,Unemployed,$25000 - $37499,1~3,never,1~3,4~8,1~3
20966,Female,31,Married partner,Bachelors degree,Student,$37500 - $49999,never,less1,gt8,4~8,less1
21010,Female,36,Single,High School Graduate,Food Preparation & Serving Related,$12500 - $24999,less1,less1,1~3,less1,less1
11608,Male,41,Married partner,Graduate degree (Masters or Doctorate),Architecture & Engineering,$100000 or More,less1,1~3,1~3,gt8,never
19563,Male,31,Married partner,Some college - no degree,Farming Fishing & Forestry,$37500 - $49999,less1,less1,less1,1~3,less1
16187,Female,21,Unmarried partner,Some college - no degree,Sales & Related,$25000 - $37499,never,less1,less1,less1,never
18443,Male,41,Married partner,Associates degree,Farming Fishing & Forestry,$25000 - $37499,never,never,never,1~3,never
17005,Female,31,Married partner,Graduate degree (Masters or Doctorate),Education&Training&Library,$12500 - $24999,never,1~3,less1,1~3,1~3
16672,Male,21,Single,Bachelors degree,Student,$37500 - $49999,less1,1~3,4~8,1~3,less1
14181,Male,26,Single,Associates degree,Unemployed,Less than $12500,less1,never,1~3,less1,less1
15419,Female,26,Single,Bachelors degree,Personal Care & Service,$12500 - $24999,never,,1~3,1~3,less1
16990,Male,36,Married partner,Bachelors degree,Computer & Mathematical,$50000 - $62499,1~3,never,1~3,4~8,never
19403,Female,50plus,Divorced,Some college - no degree,Unemployed,$37500 - $49999,never,never,4~8,1~3,less1
15643,Female,36,Single,Graduate degree (Masters or Doctorate),Education&Training&Library,$25000 - $37499,less1,4~8,4~8,1~3,less1
15203,Female,50plus,Unmarried partner,Some college - no degree,Management,$37500 - $49999,never,never,4~8,1~3,less1
15054,Male,21,Single,Bachelors degree,Computer & Mathematical,$12500 - $24999,less1,1~3,gt8,gt8,1~3
11532,Female,36,Married partner,Some college - no degree,Construction & Extraction,$12500 - $24999,never,1~3,1~3,less1,less1
18286,Male,21,Single,Associates degree,Computer & Mathematical,$37500 - $49999,never,less1,1~3,less1,less1
10735,Male,41,Single,Some college - no degree,Sales & Related,$37500 - $49999,never,never,4~8,1~3,less1
19368,Male,below21,Single,Some college - no degree,Student,$37500 - $49999,never,never,never,less1,less1
21504,Female,below21,Single,Bachelors degree,Student,$12500 - $24999,gt8,1~3,less1,4~8,gt8
21338,Female,50plus,Single,Bachelors degree,Food Preparation & Serving Related,$12500 - $24999,never,1~3,4~8,less1,less1
21690,Female,50plus,Married partner,High School Graduate,Sales & Related,$37500 - $49999,never,gt8,4~8,1~3,less1
13660,Female,31,Married partner,Bachelors degree,Sales & Related,$12500 - $24999,less1,1~3,1~3,1~3,less1
14123,Male,31,Married partner,Bachelors degree,Computer & Mathematical,$75000 - $87499,never,never,1~3,1~3,never
10535,Male,50plus,Married partner,Graduate degree (Masters or Doctorate),Sales & Related,$100000 or More,1~3,1~3,4~8,4~8,less1
19180,Male,31,Single,Bachelors degree,Office & Administrative Support,$25000 - $37499,never,less1,less1,less1,less1
22669,Male,26,Single,Bachelors degree,Sales & Related,$75000 - $87499,never,never,1~3,4~8,1~3
15117,Female,21,Single,Some college - no degree,Student,$50000 - $62499,never,never,never,gt8,less1
11772,Male,21,Unmarried partner,Some college - no degree,Student,$12500 - $24999,4~8,1~3,4~8,4~8,1~3
11158,Female,31,Married partner,Some college - no degree,Computer & Mathematical,$100000 or More,less1,less1,gt8,4~8,less1
19398,Male,21,Single,Bachelors degree,Unemployed,$100000 or More,4~8,less1,1~3,4~8,1~3
11313,Female,21,Unmarried partner,High School Graduate,Student,$37500 - $49999,never,1~3,1~3,4~8,never
16365,Female,21,Married partner,Some college - no degree,Unemployed,$50000 - $62499,less1,4~8,4~8,4~8,4~8
20593,Female,26,Married partner,Bachelors degree,Arts Design Entertainment Sports & Media,$50000 - $62499,never,never,less1,less1,less1
21408,Male,50plus,Married partner,Graduate degree (Masters or Doctorate),Retired,$50000 - $62499,less1,less1,less1,less1,less1
20150,Male,31,Married partner,Bachelors degree,Architecture & Engineering,$75000 - $87499,less1,never,1~3,1~3,1~3
19533,Female,below21,Unmarried partner,Some college - no degree,Student,$100000 or More,less1,1~3,less1,1~3,less1
13505,Female,41,Divorced,Some college - no degree,Protective Service,$25000 - $37499,less1,less1,4~8,1~3,less1
14346,Female,below21,Single,High School Graduate,Unemployed,Less than $12500,never,never,4~8,4~8,never
18266,Female,36,Married partner,Associates degree,Healthcare Practitioners & Technical,$75000 - $87499,less1,never,4~8,1~3,less1
20755,Female,31,Unmarried partner,Graduate degree (Masters or Doctorate),Computer & Mathematical,$50000 - $62499,less1,1~3,less1,1~3,less1
20909,Female,21,Unmarried partner,Some college - no degree,Student,Less than $12500,1~3,1~3,4~8,1~3,less1
13545,Female,21,Single,Some college - no degree,Student,Less than $12500,gt8,4~8,4~8,4~8,1~3
21268,Male,31,Single,Some college - no degree,Transportation & Material Moving,$50000 - $62499,1~3,4~8,4~8,4~8,1~3
13434,Male,26,Single,Associates degree,Office & Administrative Support,$37500 - $49999,4~8,less1,1~3,4~8,1~3
11598,Male,41,Married partner,Graduate degree (Masters or Doctorate),Architecture & Engineering,$100000 or More,less1,1~3,1~3,gt8,never
14806,Male,21,Single,High School Graduate,Student,$37500 - $49999,less1,never,less1,less1,never
11129,Female,36,Married partner,Bachelors degree,Unemployed,$87500 - $99999,less1,1~3,1~3,less1,less1
18576,Female,21,Married partner,Associates degree,Unemployed,$50000 - $62499,never,1~3,1~3,1~3,1~3
16320,Female,31,Married partner,Graduate degree (Masters or Doctorate),Computer & Mathematical,$62500 - $74999,less1,4~8,4~8,1~3,never
18392,Female,50plus,Single,Bachelors degree,Installation Maintenance & Repair,$25000 - $37499,never,4~8,4~8,gt8,less1
10614,Female,21,Married partner,Some college - no degree,Student,$25000 - $37499,never,gt8,1~3,gt8,1~3
21877,Female,21,Married partner,Some college - no degree,Sales & Related,$25000 - $37499,less1,1~3,4~8,1~3,never
17376,Male,below21,Unmarried partner,Some college - no degree,Student,$87500 - $99999,never,1~3,1~3,1~3,less1
17224,Male,36,Unmarried partner,Associates degree,Unemployed,$25000 - $37499,never,never,1~3,less1,never
13177,Male,50plus,Married partner,Some college - no degree,Retired,$87500 - $99999,never,never,1~3,1~3,less1
19158,Male,below21,Single,Some college - no degree,Student,$25000 - $37499,never,never,less1,never,
10935,Female,31,Single,Graduate degree (Masters or Doctorate),Life Physical Social Science,$50000 - $62499,1~3,4~8,4~8,4~8,4~8
22295,Female,50plus,Widowed,High School Graduate,Retired,$12500 - $24999,never,never,4~8,1~3,
17328,Male,36,Unmarried partner,Some college - no degree,Building & Grounds Cleaning & Maintenance,$25000 - $37499,1~3,less1,1~3,1~3,less1
18002,Male,26,Unmarried partner,Bachelors degree,Management,$25000 - $37499,1~3,never,4~8,never,1~3
13832,Female,50plus,Married partner,Associates degree,Arts Design Entertainment Sports & Media,$25000 - $37499,never,never,less1,1~3,never
20619,Male,21,Single,Bachelors degree,Protective Service,$25000 - $37499,never,never,gt8,less1,less1
21050,Male,46,Single,Some college - no degree,Sales & Related,Less than $12500,1~3,1~3,4~8,4~8,4~8
18322,Female,41,Married partner,Graduate degree (Masters or Doctorate),Computer & Mathematical,$75000 - $87499,less1,4~8,gt8,1~3,less1
15932,Female,21,Single,Some college - no degree,Student,Less than $12500,gt8,gt8,1~3,less1,never
21969,Male,50plus,Married partner,Graduate degree (Masters or Doctorate),Education&Training&Library,$25000 - $37499,less1,1~3,1~3,1~3,less1
13305,Male,21,Single,Some college - no degree,Student,$50000 - $62499,never,4~8,4~8,1~3,less1
11869,Male,21,Single,Bachelors degree,Architecture & Engineering,$50000 - $62499,1~3,never,less1,4~8,never
17274,Female,26,Married partner,Associates degree,Unemployed,$37500 - $49999,less1,1~3,1~3,1~3,1~3
15059,Male,21,Single,Bachelors degree,Computer & Mathematical,$12500 - $24999,less1,1~3,gt8,gt8,1~3
15302,Male,46,Unmarried partner,Some college - no degree,Transportation & Material Moving,$12500 - $24999,never,less1,1~3,less1,less1
22020,Male,21,Single,Bachelors degree,Legal,$87500 - $99999,1~3,less1,less1,less1,less1
10581,Male,31,Single,Some college - no degree,Sales & Related,$37500 - $49999,4~8,gt8,gt8,1~3,less1
17914,Male,26,Married partner,Bachelors degree,Education&Training&Library,$50000 - $62499,never,less1,1~3,1~3,1~3
14436,Male,below21,Unmarried partner,Some college - no degree,Student,$12500 - $24999,less1,gt8,4~8,1~3,less1
18546,Female,36,Unmarried partner,Associates degree,Unemployed,$75000 - $87499,never,never,gt8,gt8,1~3
18923,Male,36,Single,Graduate degree (Masters or Doctorate),Unemployed,Less than $12500,never,less1,less1,4~8,less1
18011,Male,26,Unmarried partner,Bachelors degree,Management,$25000 - $37499,1~3,never,4~8,never,1~3
20930,Male,31,Married partner,Bachelors degree,Computer & Mathematical,$75000 - $87499,1~3,never,less1,less1,less1
18987,Female,46,Married partner,High School Graduate,Transportation & Material Moving,$37500 - $49999,less1,less1,1~3,1~3,never
11014,Female,50plus,Divorced,Graduate degree (Masters or Doctorate),Retired,$12500 - $24999,1~3,4~8,4~8,4~8,less1
21975,Male,50plus,Married partner,Graduate degree (Masters or Doctorate),Education&Training&Library,$25000 - $37499,less1,1~3,1~3,1~3,less1
22394,Female,36,Married partner,Bachelors degree,Education&Training&Library,$37500 - $49999,less1,,1~3,1~3,1~3
15962,Male,36,Married partner,Graduate degree (Masters or Doctorate),Sales & Related,$100000 or More,1~3,less1,1~3,4~8,1~3
18467,Female,50plus,Married partner,Some college - no degree,Personal Care & Service,$87500 - $99999,never,gt8,less1,1~3,less1
12291,Female,41,Single,Some college - no degree,Office & Administrative Support,$25000 - $37499,less1,less1,less1,less1,never
11718,Female,26,Married partner,Some college - no degree,Unemployed,$50000 - $62499,never,less1,1~3,1~3,never
14133,Female,26,Married partner,Bachelors degree,Protective Service,$100000 or More,never,gt8,4~8,gt8,1~3
13021,Female,31,Divorced,Some college - no degree,Food Preparation & Serving Related,$12500 - $24999,1~3,never,4~8,less1,less1
15809,Male,31,Married partner,Bachelors degree,Architecture & Engineering,$87500 - $99999,less1,less1,4~8,less1,less1
17818,Male,21,Single,Bachelors degree,Unemployed,$100000 or More,less1,4~8,1~3,less1,less1
14106,Male,21,Unmarried partner,Bachelors degree,Student,Less than $12500,1~3,less1,4~8,1~3,less1
15234,Male,31,Married partner,Graduate degree (Masters or Doctorate),Education&Training&Library,$25000 - $37499,never,1~3,4~8,4~8,less1
19829,Female,21,Single,Associates degree,Sales & Related,$25000 - $37499,4~8,1~3,4~8,1~3,less1
12792,Female,26,Single,Associates degree,Unemployed,Less than $12500,1~3,less1,4~8,less1,4~8
13326,Male,36,Married partner,Graduate degree (Masters or Doctorate),Life Physical Social Science,$100000 or More,less1,4~8,1~3,1~3,less1
15538,Female,50plus,Single,High School Graduate,Management,$37500 - $49999,less1,less1,less1,less1,1~3
11042,Male,50plus,Unmarried partner,Bachelors degree,Retired,$100000 or More,never,never,1~3,gt8,never
10351,Male,31,Married partner,Graduate degree (Masters or Doctorate),Computer & Mathematical,$100000 or More,less1,1~3,4~8,4~8,4~8
15278,Male,50plus,Married partner,Graduate degree (Masters or Doctorate),Retired,$62500 - $74999,never,4~8,1~3,4~8,less1
21272,Male,31,Single,Some college - no degree,Transportation & Material Moving,$50000 - $62499,1~3,4~8,4~8,4~8,1~3
21460,Female,41,Married partner,Some college - no degree,Education&Training&Library,$100000 or More,never,gt8,gt8,gt8,4~8
20749,Female,41,Married partner,Graduate degree (Masters or Doctorate),Food Preparation & Serving Related,$100000 or More,less1,gt8,4~8,4~8,4~8
20512,Female,50plus,Married partner,Bachelors degree,Unemployed,$87500 - $99999,never,4~8,1~3,4~8,1~3
21147,Female,41,Married partner,Graduate degree (Masters or Doctorate),Computer & Mathematical,$75000 - $87499,less1,4~8,gt8,1~3,less1
15136,Male,21,Single,Bachelors degree,Student,$50000 - $62499,less1,never,4~8,less1,never
21115,Male,21,Single,Some college - no degree,Computer & Mathematical,Less than $12500,never,4~8,4~8,4~8,never
11226,Male,below21,Single,Some college - no degree,Student,$62500 - $74999,never,1~3,1~3,never,1~3
19677,Male,21,Single,Some college - no degree,Student,$62500 - $74999,never,never,4~8,1~3,1~3
18609,Female,50plus,Married partner,Associates degree,Office & Administrative Support,$75000 - $87499,1~3,4~8,,4~8,4~8
21814,Male,36,Married partner,Associates degree,Computer & Mathematical,$100000 or More,never,less1,4~8,1~3,less1
17450,Female,50plus,Married partner,Bachelors degree,Sales & Related,$50000 - $62499,4~8,4~8,1~3,1~3,less1
17834,Male,21,Single,Bachelors degree,Unemployed,$100000 or More,less1,4~8,1~3,less1,less1
13022,Female,31,Divorced,Some college - no degree,Food Preparation & Serving Related,$12500 - $24999,1~3,never,4~8,less1,less1
14782,Male,50plus,Married partner,Associates degree,Unemployed,$37500 - $49999,less1,less1,less1,4~8,less1
12167,Male,21,Single,Bachelors degree,Student,$100000 or More,4~8,gt8,4~8,gt8,1~3
18680,Male,26,Single,Bachelors degree,Business & Financial,$100000 or More,4~8,1~3,less1,1~3,less1
14211,Male,41,Married partner,Graduate degree (Masters or Doctorate),Computer & Mathematical,$37500 - $49999,less1,less1,gt8,gt8,4~8
20684,Female,26,Married partner,Some college - no degree,Unemployed,$25000 - $37499,never,never,1~3,less1,never
14955,Male,31,Single,High School Graduate,Production Occupations,$25000 - $37499,1~3,never,4~8,1~3,less1
18217,Male,50plus,Widowed,Some college - no degree,Installation Maintenance & Repair,Less than $12500,never,never,1~3,less1,less1
15314,Male,21,Unmarried partner,Bachelors degree,Business & Financial,$75000 - $87499,1~3,less1,4~8,1~3,1~3
14943,Male,31,Single,High School Graduate,Production Occupations,$25000 - $37499,1~3,never,4~8,1~3,less1
11089,Male,41,Married partner,Some college - no degree,Arts Design Entertainment Sports & Media,$25000 - $37499,never,1~3,gt8,4~8,less1
18781,Male,26,Married partner,Bachelors degree,Computer & Mathematical,$100000 or More,4~8,,1~3,1~3,less1
18770,Female,50plus,Single,Graduate degree (Masters or Doctorate),Education&Training&Library,$87500 - $99999,1~3,1~3,less1,1~3,less1
12175,Male,21,Single,Bachelors degree,Student,$100000 or More,4~8,gt8,4~8,gt8,1~3
11960,Male,41,Married partner,Graduate degree (Masters or Doctorate),Education&Training&Library,$50000 - $62499,less1,4~8,4~8,1~3,less1
13337,Male,46,Unmarried partner,Bachelors degree,Business & Financial,$62500 - $74999,never,less1,4~8,1~3,never
18238,Male,50plus,Married partner,Graduate degree (Masters or Doctorate),Education&Training&Library,$87500 - $99999,never,4~8,1~3,4~8,less1
22534,Male,21,Unmarried partner,High School Graduate,Food Preparation & Serving Related,$12500 - $24999,1~3,never,gt8,4~8,1~3
14207,Male,41,Married partner,Graduate degree (Masters or Doctorate),Computer & Mathematical,$37500 - $49999,less1,less1,gt8,gt8,4~8
10383,Female,31,Married partner,Bachelors degree,Life Physical Social Science,$37500 - $49999,never,less1,4~8,4~8,less1
13760,Female,41,Married partner,Bachelors degree,Management,$62500 - $74999,1~3,4~8,4~8,4~8,1~3
21331,Female,50plus,Single,Bachelors degree,Food Preparation & Serving Related,$12500 - $24999,never,1~3,4~8,less1,less1
17122,Male,31,Married partner,Graduate degree (Masters or Doctorate),Education&Training&Library,$62500 - $74999,less1,less1,4~8,4~8,less1
16670,Male,21,Single,Bachelors degree,Student,$37500 - $49999,less1,1~3,4~8,1~3,less1
14247,Male,21,Single,Bachelors degree,Student,$100000 or More,1~3,4~8,1~3,4~8,1~3
10860,Female,26,Unmarried partner,Associates degree,Community & Social Services,$50000 - $62499,never,1~3,1~3,1~3,less1
12169,Male,21,Single,Bachelors degree,Student,$100000 or More,4~8,gt8,4~8,gt8,1~3
14546,Female,31,Married partner,Some college - no degree,Office & Administrative Support,$37500 - $49999,1~3,1~3,4~8,1~3,less1
20676,Female,26,Married partner,Some college - no degree,Unemployed,$25000 - $37499,never,never,1~3,less1,never
17983,Male,36,Married partner,Bachelors degree,Business & Financial,$75000 - $87499,less1,less1,4~8,1~3,1~3
18754,Female,41,Married partner,Graduate degree (Masters or Doctorate),Business & Financial,$87500 - $99999,less1,1~3,4~8,1~3,less1
18209,Male,31,Single,Associates degree,Installation Maintenance & Repair,$37500 - $49999,1~3,4~8,1~3,1~3,less1
20406,Female,26,Unmarried partner,Bachelors degree,Community & Social Services,$37500 - $49999,less1,never,1~3,less1,never
16169,Male,46,Married partner,Graduate degree (Masters or Doctorate),Retired,$50000 - $62499,never,never,less1,4~8,1~3
11645,Female,26,Married partner,Some college - no degree,Unemployed,$37500 - $49999,1~3,4~8,1~3,4~8,less1
13166,Male,50plus,Married partner,Some college - no degree,Retired,$87500 - $99999,never,never,1~3,1~3,less1
12906,Male,21,Single,Some college - no degree,Computer & Mathematical,$25000 - $37499,less1,1~3,1~3,1~3,less1
21059,Female,36,Married partner,Some college - no degree,Unemployed,Less than $12500,never,never,4~8,less1,less1
20901,Female,below21,Unmarried partner,High School Graduate,Student,Less than $12500,never,4~8,1~3,4~8,less1
19809,Male,46,Married partner,Some college - no degree,Unemployed,$12500 - $24999,never,less1,4~8,1~3,less1
21051,Male,46,Single,Some college - no degree,Sales & Related,Less than $12500,1~3,1~3,4~8,4~8,4~8
18574,Female,21,Married partner,Associates degree,Unemployed,$50000 - $62499,never,1~3,1~3,1~3,1~3
13541,Female,21,Single,Some college - no degree,Student,Less than $12500,gt8,4~8,4~8,4~8,1~3
20722,Female,41,Single,Bachelors degree,Healthcare Support,$75000 - $87499,less1,less1,1~3,1~3,less1
20877,Male,41,Single,Bachelors degree,Business & Financial,$62500 - $74999,1~3,4~8,1~3,4~8,4~8
17020,Female,50plus,Divorced,Bachelors degree,Retired,Less than $12500,never,4~8,gt8,gt8,less1
18003,Male,26,Unmarried partner,Bachelors degree,Management,$25000 - $37499,1~3,never,4~8,never,1~3
11945,Male,41,Married partner,Graduate degree (Masters or Doctorate),Education&Training&Library,$50000 - $62499,less1,4~8,4~8,1~3,less1
19967,Female,21,Married partner,High School Graduate,Office & Administrative Support,$12500 - $24999,never,never,4~8,1~3,less1
21080,Male,50plus,Divorced,Some college - no degree,Production Occupations,$37500 - $49999,1~3,4~8,4~8,gt8,4~8
18798,Male,26,Married partner,Bachelors degree,Computer & Mathematical,$100000 or More,4~8,,1~3,1~3,less1
22332,Male,31,Married partner,Some college - no degree,Computer & Mathematical,$37500 - $49999,never,never,1~3,1~3,1~3
10396,Female,21,Single,Bachelors degree,Student,$100000 or More,1~3,never,1~3,1~3,4~8
15975,Male,36,Married partner,Graduate degree (Masters or Doctorate),Sales & Related,$100000 or More,1~3,less1,1~3,4~8,1~3
20212,Female,31,Married partner,Some college - no degree,Computer & Mathematical,$100000 or More,less1,less1,gt8,4~8,less1
16751,Male,21,Single,Some college - no degree,Unemployed,$75000 - $87499,1~3,4~8,less1,less1,never
16056,Female,26,Single,High School Graduate,Unemployed,Less than $12500,less1,less1,4~8,1~3,never
22183,Male,26,Single,High School Graduate,Unemployed,$37500 - $49999,gt8,gt8,gt8,gt8,gt8
21815,Male,36,Married partner,Associates degree,Computer & Mathematical,$100000 or More,never,less1,4~8,1~3,less1
10655,Male,31,Married partner,Some college - no degree,Construction & Extraction,$100000 or More,1~3,never,4~8,1~3,1~3
16747,Male,21,Single,Some college - no degree,Unemployed,$75000 - $87499,1~3,4~8,less1,less1,never
15158,Male,36,Married partner,Bachelors degree,Arts Design Entertainment Sports & Media,$100000 or More,less1,1~3,4~8,1~3,1~3
10782,Female,26,Single,Graduate degree (Masters or Doctorate),Legal,$25000 - $37499,1~3,1~3,1~3,gt8,1~3
21078,Female,36,Married partner,Some college - no degree,Unemployed,Less than $12500,never,never,4~8,less1,less1
20949,Female,31,Married partner,Bachelors degree,Student,$37500 - $49999,never,less1,gt8,4~8,less1
17387,Male,below21,Unmarried partner,Some college - no degree,Student,$87500 - $99999,never,1~3,1~3,1~3,less1
17388,Male,below21,Unmarried partner,Some college - no degree,Student,$87500 - $99999,never,1~3,1~3,1~3,less1
15229,Male,31,Married partner,Graduate degree (Masters or Doctorate),Education&Training&Library,$25000 - $37499,never,1~3,4~8,4~8,less1
16630,Male,26,Single,Bachelors degree,Business & Financial,$100000 or More,4~8,1~3,1~3,1~3,less1
17673,Male,36,Single,Some college - no degree,Construction & Extraction,$50000 - $62499,never,never,1~3,less1,less1
20905,Female,21,Unmarried partner,Some college - no degree,Student,Less than $12500,1~3,1~3,4~8,1~3,less1
21633,Male,41,Married partner,Some college - no degree,Business & Financial,$100000 or More,less1,less1,1~3,1~3,less1
11356,Male,26,Unmarried partner,Some college - no degree,Sales & Related,$50000 - $62499,1~3,4~8,gt8,1~3,1~3
15900,Female,21,Married partner,Some college - no degree,Unemployed,$87500 - $99999,less1,1~3,1~3,4~8,4~8
14962,Male,21,Single,Bachelors degree,Sales & Related,$100000 or More,less1,4~8,1~3,4~8,1~3
11003,Female,31,Married partner,Bachelors degree,Arts Design Entertainment Sports & Media,$25000 - $37499,never,never,1~3,never,never
12700,Female,41,Married partner,Bachelors degree,Education&Training&Library,$100000 or More,less1,1~3,1~3,4~8,less1
17962,Female,31,Unmarried partner,Bachelors degree,Computer & Mathematical,$62500 - $74999,never,4~8,4~8,gt8,4~8
17811,Male,36,Married partner,Associates degree,Management,$100000 or More,1~3,1~3,1~3,1~3,1~3
18428,Male,26,Single,Bachelors degree,Food Preparation & Serving Related,$50000 - $62499,4~8,1~3,4~8,1~3,4~8
22135,Female,21,Unmarried partner,Bachelors degree,Unemployed,$25000 - $37499,never,never,1~3,1~3,less1
16954,Female,31,Married partner,Some college - no degree,Computer & Mathematical,$100000 or More,less1,less1,gt8,4~8,less1
10217,Female,21,Unmarried partner,Bachelors degree,Management,$87500 - $99999,1~3,1~3,1~3,1~3,1~3
17237,Male,36,Unmarried partner,Associates degree,Unemployed,$25000 - $37499,never,never,1~3,less1,never
21576,Male,36,Unmarried partner,Some college - no degree,Construction & Extraction,$25000 - $37499,never,4~8,4~8,less1,less1
10032,Male,21,Single,Bachelors degree,Architecture & Engineering,$62500 - $74999,never,less1,4~8,4~8,less1
12911,Male,21,Single,Some college - no degree,Computer & Mathematical,$25000 - $37499,less1,1~3,1~3,1~3,less1
11299,Male,50plus,Unmarried partner,Associates degree,Retired,$50000 - $62499,never,4~8,4~8,1~3,less1
15790,Female,31,Unmarried partner,Bachelors degree,Management,$25000 - $37499,4~8,less1,1~3,4~8,1~3
13986,Male,36,Single,Bachelors degree,Business & Financial,$100000 or More,less1,1~3,gt8,gt8,1~3
10589,Male,26,Single,Bachelors degree,Office & Administrative Support,$50000 - $62499,4~8,never,4~8,1~3,less1
13708,Female,26,Unmarried partner,High School Graduate,Business & Financial,$12500 - $24999,never,1~3,less1,1~3,never
14148,Female,26,Married partner,Bachelors degree,Protective Service,$100000 or More,never,gt8,4~8,gt8,1~3
15548,Female,41,Married partner,Bachelors degree,Education&Training&Library,$25000 - $37499,never,1~3,1~3,1~3,1~3
18980,Female,46,Married partner,High School Graduate,Transportation & Material Moving,$37500 - $49999,less1,less1,1~3,1~3,never
22114,Female,36,Married partner,Bachelors degree,Unemployed,$25000 - $37499,less1,1~3,4~8,4~8,4~8
15982,Female,50plus,Divorced,Graduate degree (Masters or Doctorate),Retired,$37500 - $49999,never,never,4~8,1~3,never
12956,Male,50plus,Married partner,Some college - no degree,Computer & Mathematical,$37500 - $49999,1~3,less1,4~8,1~3,1~3
19984,Female,21,Married partner,High School Graduate,Office & Administrative Support,$12500 - $24999,never,never,4~8,1~3,less1
20139,Female,26,Married partner,Some college - no degree,Office & Administrative Support,$75000 - $87499,never,never,1~3,4~8,less1
14018,Female,50plus,Married partner,Graduate degree (Masters or Doctorate),Education&Training&Library,$100000 or More,4~8,gt8,4~8,4~8,4~8
10716,Male,36,Unmarried partner,Bachelors degree,Education&Training&Library,$25000 - $37499,less1,never,4~8,gt8,less1
13562,Male,21,Single,Bachelors degree,Arts Design Entertainment Sports & Media,$50000 - $62499,gt8,1~3,,4~8,less1
15758,Male,26,Married partner,Some college - no degree,Computer & Mathematical,$50000 - $62499,never,1~3,1~3,less1,1~3
15157,Male,36,Married partner,Bachelors degree,Arts Design Entertainment Sports & Media,$100000 or More,less1,1~3,4~8,1~3,1~3
13578,Male,21,Single,Bachelors degree,Arts Design Entertainment Sports & Media,$50000 - $62499,gt8,1~3,,4~8,less1
14538,Female,46,Married partner,Some college - no degree,Personal Care & Service,$37500 - $49999,never,less1,less1,1~3,less1
16627,Male,26,Single,Bachelors degree,Business & Financial,$100000 or More,4~8,1~3,1~3,1~3,less1
18125,Male,31,Single,Some college - no degree,Office & Administrative Support,$12500 - $24999,4~8,never,gt8,1~3,never
21524,Male,below21,Single,Some college - no degree,Student,Less than $12500,never,gt8,gt8,gt8,less1
16114,Male,26,Married partner,Bachelors degree,Computer & Mathematical,$75000 - $87499,1~3,never,1~3,1~3,less1
16683,Male,21,Single,Bachelors degree,Student,$37500 - $49999,less1,1~3,4~8,1~3,less1
15607,Male,below21,Single,Some college - no degree,Student,Less than $12500,never,less1,gt8,1~3,never
20319,Female,21,Married partner,Associates degree,Unemployed,$50000 - $62499,never,1~3,1~3,1~3,1~3
10271,Female,31,Married partner,Graduate degree (Masters or Doctorate),Unemployed,$62500 - $74999,never,less1,1~3,less1,less1
16030,Female,26,Unmarried partner,Some college - no degree,Management,$37500 - $49999,less1,less1,less1,1~3,less1
12971,Male,31,Married partner,Some college - no degree,Computer & Mathematical,$37500 - $49999,never,less1,4~8,less1,less1
10931,Female,31,Single,Graduate degree (Masters or Doctorate),Life Physical Social Science,$50000 - $62499,1~3,4~8,4~8,4~8,4~8
14970,Male,21,Single,Bachelors degree,Sales & Related,$100000 or More,less1,4~8,1~3,4~8,1~3
11860,Male,21,Single,Bachelors degree,Architecture & Engineering,$50000 - $62499,1~3,never,less1,4~8,never
11388,Male,41,Married partner,Some college - no degree,Computer & Mathematical,$50000 - $62499,1~3,less1,1~3,1~3,less1
20849,Male,41,Single,Bachelors degree,Business & Financial,$62500 - $74999,1~3,4~8,1~3,4~8,4~8
14961,Male,31,Single,High School Graduate,Production Occupations,$25000 - $37499,1~3,never,4~8,1~3,less1
16687,Male,21,Single,Bachelors degree,Student,$37500 - $49999,less1,1~3,4~8,1~3,less1
17128,Male,31,Married partner,Graduate degree (Masters or Doctorate),Education&Training&Library,$62500 - $74999,less1,less1,4~8,4~8,less1
13812,Male,21,Married partner,Some college - no degree,Education&Training&Library,$25000 - $37499,never,never,1~3,1~3,less1
20489,Male,below21,Single,Some college - no degree,Student,Less than $12500,1~3,1~3,1~3,less1,less1
22317,Female,36,Married partner,Bachelors degree,Unemployed,$100000 or More,less1,never,1~3,less1,less1
16308,Female,31,Married partner,Graduate degree (Masters or Doctorate),Computer & Mathematical,$62500 - $74999,less1,4~8,4~8,1~3,never
14524,Female,46,Married partner,Some college - no degree,Personal Care & Service,$37500 - $49999,never,less1,less1,1~3,less1
11214,Female,31,Married partner,Some college - no degree,Sales & Related,$12500 - $24999,1~3,,4~8,4~8,
20969,Female,31,Married partner,Bachelors degree,Student,$37500 - $49999,never,less1,gt8,4~8,less1
12912,Male,21,Single,Some college - no degree,Computer & Mathematical,$25000 - $37499,less1,1~3,1~3,1~3,less1
14271,Female,26,Single,Bachelors degree,Education&Training&Library,$50000 - $62499,1~3,never,4~8,1~3,less1
11245,Male,26,Single,Graduate degree (Masters or Doctorate),Sales & Related,$12500 - $24999,less1,4~8,4~8,1~3,never
14316,Female,46,Single,Some college - no degree,Protective Service,$25000 - $37499,1~3,never,4~8,1~3,1~3
16934,Female,41,Married partner,Graduate degree (Masters or Doctorate),Business & Financial,$75000 - $87499,less1,1~3,gt8,4~8,less1
11469,Male,46,Married partner,Graduate degree (Masters or Doctorate),Management,$87500 - $99999,less1,1~3,1~3,less1,1~3
12594,Male,50plus,Single,Some college - no degree,Office & Administrative Support,$12500 - $24999,1~3,1~3,less1,1~3,less1
13814,Male,21,Married partner,Some college - no degree,Education&Training&Library,$25000 - $37499,never,never,1~3,1~3,less1
19859,Male,36,Single,Some college - no degree,Office & Administrative Support,$25000 - $37499,less1,never,less1,less1,less1
21601,Female,21,Single,Bachelors degree,Student,$25000 - $37499,never,never,less1,never,never
21995,Female,21,Married partner,Bachelors degree,Unemployed,$37500 - $49999,never,less1,1~3,1~3,less1
11979,Male,36,Married partner,Some college - no degree,Management,$75000 - $87499,1~3,1~3,1~3,4~8,less1
17086,Male,26,Single,Some college - no degree,Transportation & Material Moving,$62500 - $74999,4~8,less1,gt8,4~8,less1
10785,Female,26,Single,Graduate degree (Masters or Doctorate),Legal,$25000 - $37499,1~3,1~3,1~3,gt8,1~3
10105,Male,21,Single,Associates degree,Student,$12500 - $24999,1~3,less1,1~3,less1,1~3
12274,Female,41,Single,Some college - no degree,Office & Administrative Support,$25000 - $37499,less1,less1,less1,less1,never
16464,Male,26,Single,Associates degree,Unemployed,Less than $12500,less1,less1,1~3,less1,less1
13035,Male,21,Single,Some college - no degree,Student,$12500 - $24999,less1,never,less1,less1,less1
12588,Male,50plus,Single,Some college - no degree,Office & Administrative Support,$12500 - $24999,1~3,1~3,less1,1~3,less1
12265,Male,21,Single,Graduate degree (Masters or Doctorate),Computer & Mathematical,$50000 - $62499,never,never,1~3,less1,never
12049,Female,26,Married partner,Some college - no degree,Management,$25000 - $37499,less1,1~3,1~3,4~8,1~3
20855,Male,41,Single,Bachelors degree,Business & Financial,$62500 - $74999,1~3,4~8,1~3,4~8,4~8
14089,Male,21,Unmarried partner,Bachelors degree,Student,Less than $12500,1~3,less1,4~8,1~3,less1
17497,Male,26,Single,Bachelors degree,Unemployed,$62500 - $74999,4~8,never,4~8,1~3,less1
17823,Male,21,Single,Bachelors degree,Unemployed,$100000 or More,less1,4~8,1~3,less1,less1
21555,Male,31,Married partner,Graduate degree (Masters or Doctorate),Healthcare Practitioners & Technical,$50000 - $62499,1~3,gt8,4~8,1~3,less1
12637,Male,46,Married partner,Bachelors degree,Management,$100000 or More,4~8,never,4~8,4~8,1~3
13391,Male,50plus,Married partner,Some college - no degree,Protective Service,$37500 - $49999,never,less1,gt8,gt8,1~3
19585,Female,31,Unmarried partner,Bachelors degree,Computer & Mathematical,$62500 - $74999,never,1~3,4~8,1~3,1~3
12755,Male,36,Single,Some college - no degree,Sales & Related,$50000 - $62499,never,never,less1,4~8,less1
19595,Female,31,Unmarried partner,Bachelors degree,Computer & Mathematical,$62500 - $74999,never,1~3,4~8,1~3,1~3
19602,Female,21,Unmarried partner,Bachelors degree,Community & Social Services,$62500 - $74999,less1,never,1~3,less1,never
16530,Male,below21,Single,Some college - no degree,Student,Less than $12500,1~3,4~8,1~3,gt8,4~8
12647,Female,26,Married partner,Bachelors degree,Architecture & Engineering,$37500 - $49999,never,1~3,1~3,1~3,less1
21544,Male,50plus,Married partner,High School Graduate,Retired,$50000 - $62499,never,1~3,4~8,gt8,gt8
20229,Female,below21,Unmarried partner,High School Graduate,Student,Less than $12500,never,4~8,1~3,4~8,less1
20431,Female,21,Single,High School Graduate,Unemployed,Less than $12500,1~3,4~8,gt8,gt8,4~8
11098,Male,41,Married partner,Some college - no degree,Arts Design Entertainment Sports & Media,$25000 - $37499,never,1~3,gt8,4~8,less1
10579,Male,31,Single,Some college - no degree,Sales & Related,$37500 - $49999,4~8,gt8,gt8,1~3,less1
15823,Male,31,Married partner,Bachelors degree,Architecture & Engineering,$87500 - $99999,less1,less1,4~8,less1,less1
20012,Male,26,Single,Bachelors degree,Community & Social Services,$25000 - $37499,4~8,4~8,1~3,4~8,1~3
13324,Male,36,Married partner,Graduate degree (Masters or Doctorate),Life Physical Social Science,$100000 or More,less1,4~8,1~3,1~3,less1
20457,Female,36,Divorced,Some college - no degree,Office & Administrative Support,$25000 - $37499,never,gt8,4~8,4~8,less1
19888,Female,36,Divorced,Associates degree,Computer & Mathematical,$12500 - $24999,less1,4~8,1~3,less1,less1
10407,Female,21,Single,Bachelors degree,Student,$100000 or More,1~3,never,1~3,1~3,4~8
21322,Female,50plus,Single,Bachelors degree,Food Preparation & Serving Related,$12500 - $24999,never,1~3,4~8,less1,less1
18947,Female,31,Married partner,Associates degree,Student,$87500 - $99999,never,4~8,4~8,less1,less1
18312,Male,26,Married partner,Graduate degree (Masters or Doctorate),Architecture & Engineering,$100000 or More,1~3,1~3,1~3,4~8,4~8
15240,Female,26,Unmarried partner,Graduate degree (Masters or Doctorate),Legal,$37500 - $49999,less1,less1,1~3,less1,never
15652,Female,36,Single,Graduate degree (Masters or Doctorate),Education&Training&Library,$25000 - $37499,less1,4~8,4~8,1~3,less1
18126,Male,31,Single,Some college - no degree,Office & Administrative Support,$12500 - $24999,4~8,never,gt8,1~3,never
14156,Female,50plus,Married partner,Some college - no degree,Unemployed,$25000 - $37499,never,never,1~3,4~8,never
16537,Male,below21,Single,Some college - no degree,Student,Less than $12500,1~3,4~8,1~3,gt8,4~8
16285,Female,31,Married partner,Some college - no degree,Computer & Mathematical,$100000 or More,less1,less1,gt8,4~8,1~3
20329,Female,21,Married partner,Associates degree,Unemployed,$50000 - $62499,never,1~3,1~3,1~3,1~3
20055,Female,50plus,Single,Some college - no degree,Unemployed,Less than $12500,never,1~3,less1,1~3,less1
12023,Female,50plus,Married partner,Associates degree,Legal,$100000 or More,less1,never,gt8,4~8,1~3
20271,Female,31,Married partner,Graduate degree (Masters or Doctorate),Student,$25000 - $37499,never,gt8,4~8,1~3,less1
11568,Male,31,Single,High School Graduate,Computer & Mathematical,$25000 - $37499,less1,never,1~3,less1,never
21598,Female,21,Single,Bachelors degree,Student,$25000 - $37499,never,never,less1,never,never
13470,Female,41,Married partner,Some college - no degree,Unemployed,$25000 - $37499,never,never,4~8,1~3,less1
13536,Female,21,Single,Some college - no degree,Student,Less than $12500,gt8,4~8,4~8,4~8,1~3
22594,Female,50plus,Divorced,Some college - no degree,Personal Care & Service,$12500 - $24999,never,less1,1~3,1~3,less1
18892,Male,26,Unmarried partner,Associates degree,Management,$12500 - $24999,less1,less1,4~8,1~3,less1
13610,Female,26,Single,Bachelors degree,Retired,$87500 - $99999,never,less1,less1,1~3,less1
19271,Female,26,Unmarried partner,High School Graduate,Healthcare Support,$25000 - $37499,less1,less1,1~3,1~3,1~3
14255,Male,21,Single,Bachelors degree,Student,$100000 or More,1~3,4~8,1~3,4~8,1~3
18314,Male,26,Married partner,Graduate degree (Masters or Doctorate),Architecture & Engineering,$100000 or More,1~3,1~3,1~3,4~8,4~8
20087,Female,31,Single,Associates degree,Arts Design Entertainment Sports & Media,$75000 - $87499,never,less1,4~8,1~3,1~3
13069,Female,41,Married partner,Graduate degree (Masters or Doctorate),Computer & Mathematical,$75000 - $87499,less1,gt8,4~8,gt8,less1
21330,Female,50plus,Single,Bachelors degree,Food Preparation & Serving Related,$12500 - $24999,never,1~3,4~8,less1,less1
14977,Male,21,Single,Bachelors degree,Sales & Related,$100000 or More,less1,4~8,1~3,4~8,1~3
10425,Male,50plus,Married partner,Bachelors degree,Personal Care & Service,$50000 - $62499,never,less1,less1,1~3,less1
13759,Female,41,Married partner,Bachelors degree,Management,$62500 - $74999,1~3,4~8,4~8,4~8,1~3
12490,Female,46,Single,Graduate degree (Masters or Doctorate),Management,$75000 - $87499,never,never,gt8,4~8,less1
12613,Female,41,Married partner,Bachelors degree,Legal,$100000 or More,never,1~3,1~3,1~3,less1
19730,Male,26,Single,Some college - no degree,Unemployed,$87500 - $99999,never,1~3,4~8,less1,never
13168,Male,50plus,Married partner,Some college - no degree,Retired,$87500 - $99999,never,never,1~3,1~3,less1
20502,Male,below21,Single,Some college - no degree,Student,Less than $12500,1~3,1~3,1~3,less1,less1
16388,Male,31,Single,High School Graduate,Unemployed,$12500 - $24999,never,never,1~3,1~3,1~3
10695,Male,36,Married partner,Some college - no degree,Management,$50000 - $62499,less1,1~3,4~8,1~3,1~3
11932,Female,31,Single,Bachelors degree,Transportation & Material Moving,$25000 - $37499,less1,1~3,4~8,gt8,less1
12316,Female,31,Single,Bachelors degree,Sales & Related,$25000 - $37499,4~8,1~3,1~3,4~8,1~3
21566,Male,31,Married partner,Graduate degree (Masters or Doctorate),Healthcare Practitioners & Technical,$50000 - $62499,1~3,gt8,4~8,1~3,less1
19072,Female,26,Married partner,Bachelors degree,Computer & Mathematical,$100000 or More,1~3,1~3,4~8,4~8,less1
14755,Female,50plus,Single,Bachelors degree,Retired,$37500 - $49999,never,never,less1,4~8,less1
11893,Male,21,Single,Some college - no degree,Student,$12500 - $24999,less1,less1,4~8,4~8,less1
12231,Female,26,Married partner,Associates degree,Management,$12500 - $24999,never,less1,gt8,4~8,never
19863,Male,36,Single,Some college - no degree,Office & Administrative Support,$25000 - $37499,less1,never,less1,less1,less1
20246,Female,below21,Unmarried partner,High School Graduate,Student,Less than $12500,never,4~8,1~3,4~8,less1
13352,Male,46,Unmarried partner,Bachelors degree,Business & Financial,$62500 - $74999,never,less1,4~8,1~3,never
17103,Male,26,Single,Some college - no degree,Transportation & Material Moving,$62500 - $74999,4~8,less1,gt8,4~8,less1
15280,Male,50plus,Married partner,Graduate degree (Masters or Doctorate),Retired,$62500 - $74999,never,4~8,1~3,4~8,less1
12483,Female,46,Single,Graduate degree (Masters or Doctorate),Management,$75000 - $87499,never,never,gt8,4~8,less1
21546,Male,50plus,Married partner,High School Graduate,Retired,$50000 - $62499,never,1~3,4~8,gt8,gt8
11125,Female,36,Married partner,Bachelors degree,Unemployed,$87500 - $99999,less1,1~3,1~3,less1,less1
19564,Male,31,Married partner,Some college - no degree,Farming Fishing & Forestry,$37500 - $49999,less1,less1,less1,1~3,less1
15007,Female,31,Married partner,Some college - no degree,Unemployed,$50000 - $62499,never,never,1~3,gt8,1~3
12472,Female,21,Unmarried partner,Some college - no degree,Unemployed,$12500 - $24999,1~3,less1,1~3,1~3,less1
21809,Male,36,Married partner,Associates degree,Computer & Mathematical,$100000 or More,never,less1,4~8,1~3,less1
17438,Female,50plus,Married partner,Bachelors degree,Sales & Related,$50000 - $62499,4~8,4~8,1~3,1~3,less1
16648,Male,26,Unmarried partner,Some college - no degree,Transportation & Material Moving,$12500 - $24999,1~3,4~8,1~3,4~8,less1
20234,Female,below21,Unmarried partner,High School Graduate,Student,Less than $12500,never,4~8,1~3,4~8,less1
21678,Female,41,Married partner,Graduate degree (Masters or Doctorate),Management,$75000 - $87499,less1,1~3,4~8,1~3,never
11688,Male,46,Single,Bachelors degree,Management,$100000 or More,never,less1,4~8,1~3,never
19718,Female,46,Single,Some college - no degree,Office & Administrative Support,$37500 - $49999,never,1~3,gt8,4~8,1~3
16555,Female,50plus,Divorced,Graduate degree (Masters or Doctorate),Community & Social Services,$25000 - $37499,never,1~3,less1,4~8,less1
17923,Male,26,Married partner,Bachelors degree,Education&Training&Library,$50000 - $62499,never,less1,1~3,1~3,1~3
10492,Male,26,Single,Some college - no degree,Unemployed,$87500 - $99999,never,1~3,4~8,less1,never
16959,Female,31,Married partner,Some college - no degree,Computer & Mathematical,$100000 or More,less1,less1,gt8,4~8,less1
11851,Male,41,Single,High School Graduate,Installation Maintenance & Repair,$12500 - $24999,less1,1~3,1~3,less1,never
14125,Male,31,Married partner,Bachelors degree,Computer & Mathematical,$75000 - $87499,never,never,1~3,1~3,never
15549,Female,41,Married partner,Bachelors degree,Education&Training&Library,$25000 - $37499,never,1~3,1~3,1~3,1~3
14556,Female,31,Married partner,Some college - no degree,Office & Administrative Support,$37500 - $49999,1~3,1~3,4~8,1~3,less1
15460,Male,26,Single,Bachelors degree,Sales & Related,$75000 - $87499,never,never,1~3,1~3,1~3
17484,Male,26,Single,Bachelors degree,Unemployed,$62500 - $74999,4~8,never,4~8,1~3,less1
18662,Male,41,Single,Some college - no degree,Arts Design Entertainment Sports & Media,$12500 - $24999,never,never,1~3,1~3,never
17267,Female,26,Married partner,Associates degree,Unemployed,$37500 - $49999,less1,1~3,1~3,1~3,1~3
15516,Male,21,Unmarried partner,Some college - no degree,Education&Training&Library,$25000 - $37499,4~8,less1,1~3,less1,never
19448,Male,50plus,Unmarried partner,High School Graduate,Retired,$50000 - $62499,less1,less1,4~8,1~3,less1
16246,Male,41,Divorced,Associates degree,Arts Design Entertainment Sports & Media,$12500 - $24999,4~8,4~8,1~3,1~3,less1
19407,Female,50plus,Divorced,Some college - no degree,Unemployed,$37500 - $49999,never,never,4~8,1~3,less1
16915,Male,31,Unmarried partner,Some college - no degree,Sales & Related,$62500 - $74999,gt8,1~3,1~3,4~8,less1
10631,Female,21,Married partner,Some college - no degree,Student,$25000 - $37499,never,gt8,1~3,gt8,1~3
12454,Female,21,Unmarried partner,Some college - no degree,Unemployed,$12500 - $24999,1~3,less1,1~3,1~3,less1
19282,Female,26,Unmarried partner,High School Graduate,Healthcare Support,$25000 - $37499,less1,less1,1~3,1~3,1~3
16429,Female,26,Single,Some college - no degree,Office & Administrative Support,$37500 - $49999,1~3,never,1~3,1~3,1~3
19260,Male,26,Single,Graduate degree (Masters or Doctorate),Computer & Mathematical,$62500 - $74999,1~3,gt8,4~8,4~8,1~3
19658,Male,21,Single,Bachelors degree,Student,$25000 - $37499,1~3,4~8,4~8,1~3,
19226,Male,50plus,Married partner,Some college - no degree,Office & Administrative Support,$62500 - $74999,1~3,never,1~3,1~3,less1
21521,Male,below21,Single,Some college - no degree,Student,Less than $12500,never,gt8,gt8,gt8,less1
13270,Female,21,Married partner,Some college - no degree,Unemployed,$25000 - $37499,never,less1,1~3,less1,less1
15864,Female,26,Married partner,Graduate degree (Masters or Doctorate),Community & Social Services,$50000 - $62499,less1,less1,less1,gt8,less1
17524,Female,41,Unmarried partner,Some college - no degree,Unemployed,Less than $12500,never,1~3,1~3,4~8,less1
10337,Female,21,Unmarried partner,Associates degree,Student,$75000 - $87499,never,less1,1~3,1~3,less1
14958,Male,31,Single,High School Graduate,Production Occupations,$25000 - $37499,1~3,never,4~8,1~3,less1
16356,Female,21,Married partner,Some college - no degree,Unemployed,$50000 - $62499,less1,4~8,4~8,4~8,4~8
17416,Female,26,Single,Bachelors degree,Computer & Mathematical,$25000 - $37499,less1,less1,4~8,1~3,never
18093,Female,50plus,Married partner,Some college - no degree,Education&Training&Library,$50000 - $62499,less1,never,4~8,1~3,less1
18659,Male,41,Single,Some college - no degree,Arts Design Entertainment Sports & Media,$12500 - $24999,never,never,1~3,1~3,never
19661,Male,21,Single,Bachelors degree,Student,$25000 - $37499,1~3,4~8,4~8,1~3,
21110,Male,21,Single,Some college - no degree,Computer & Mathematical,Less than $12500,never,4~8,4~8,4~8,never
17606,Female,36,Unmarried partner,Some college - no degree,Computer & Mathematical,$12500 - $24999,never,1~3,less1,1~3,4~8
12267,Male,21,Single,Graduate degree (Masters or Doctorate),Computer & Mathematical,$50000 - $62499,never,never,1~3,less1,never
19500,Male,36,Married partner,Bachelors degree,Computer & Mathematical,$100000 or More,less1,never,1~3,less1,less1
16680,Male,21,Single,Bachelors degree,Student,$37500 - $49999,less1,1~3,4~8,1~3,less1
17483,Male,26,Single,Bachelors degree,Unemployed,$62500 - $74999,4~8,never,4~8,1~3,less1
15197,Female,50plus,Unmarried partner,Some college - no degree,Management,$37500 - $49999,never,never,4~8,1~3,less1
13103,Male,26,Married partner,Bachelors degree,Computer & Mathematical,$87500 - $99999,never,less1,1~3,1~3,less1
19451,Male,50plus,Unmarried partner,High School Graduate,Retired,$50000 - $62499,less1,less1,4~8,1~3,less1
11374,Male,41,Married partner,Some college - no degree,Computer & Mathematical,$50000 - $62499,1~3,less1,1~3,1~3,less1
16104,Male,21,Unmarried partner,Some college - no degree,Food Preparation & Serving Related,$12500 - $24999,1~3,less1,1~3,1~3,never
15465,Male,26,Single,Bachelors degree,Sales & Related,$75000 - $87499,never,never,1~3,1~3,1~3
12900,Male,21,Single,Some college - no degree,Computer & Mathematical,$25000 - $37499,less1,1~3,1~3,1~3,less1
13371,Male,26,Single,High School Graduate,Sales & Related,$12500 - $24999,never,never,4~8,1~3,never
10240,Female,21,Single,High School Graduate,Unemployed,Less than $12500,1~3,never,4~8,1~3,less1
13036,Male,21,Single,Some college - no degree,Student,$12500 - $24999,less1,never,less1,less1,less1
14014,Female,50plus,Married partner,Graduate degree (Masters or Doctorate),Education&Training&Library,$100000 or More,4~8,gt8,4~8,4~8,4~8
11717,Female,26,Married partner,Some college - no degree,Unemployed,$50000 - $62499,never,less1,1~3,1~3,never
18074,Male,21,Single,Bachelors degree,Management,$25000 - $37499,4~8,never,4~8,gt8,1~3
15983,Female,50plus,Divorced,Graduate degree (Masters or Doctorate),Retired,$37500 - $49999,never,never,4~8,1~3,never
17728,Female,31,Single,Bachelors degree,Unemployed,$100000 or More,never,4~8,gt8,4~8,less1
14046,Female,21,Married partner,Some college - no degree,Sales & Related,Less than $12500,never,never,4~8,4~8,less1
12034,Female,26,Married partner,Some college - no degree,Management,$25000 - $37499,less1,1~3,1~3,4~8,1~3
11097,Male,41,Married partner,Some college - no degree,Arts Design Entertainment Sports & Media,$25000 - $37499,never,1~3,gt8,4~8,less1
11447,Female,46,Single,Some college - no degree,Sales & Related,$25000 - $37499,never,never,1~3,less1,less1
12343,Female,31,Married partner,Some college - no degree,Education&Training&Library,$50000 - $62499,less1,1~3,4~8,4~8,less1
14401,Female,21,Single,Bachelors degree,Life Physical Social Science,$37500 - $49999,less1,never,less1,1~3,never
20737,Female,21,Married partner,Some college - no degree,Unemployed,$25000 - $37499,never,less1,1~3,1~3,never
11398,Female,50plus,Widowed,High School Graduate,Retired,$12500 - $24999,never,less1,1~3,4~8,less1
16812,Male,26,Unmarried partner,Some college - no degree,Unemployed,$12500 - $24999,never,less1,1~3,4~8,less1
11051,Male,50plus,Unmarried partner,Bachelors degree,Retired,$100000 or More,never,never,1~3,gt8,never
19715,Female,46,Single,Some college - no degree,Office & Administrative Support,$37500 - $49999,never,1~3,gt8,4~8,1~3
11954,Male,41,Married partner,Graduate degree (Masters or Doctorate),Education&Training&Library,$50000 - $62499,less1,4~8,4~8,1~3,less1
13974,Female,21,Single,Bachelors degree,Arts Design Entertainment Sports & Media,$12500 - $24999,never,1~3,gt8,1~3,1~3
19951,Male,31,Single,Bachelors degree,Education&Training&Library,$50000 - $62499,never,never,1~3,1~3,1~3
18949,Female,31,Married partner,Associates degree,Student,$87500 - $99999,never,4~8,4~8,less1,less1
18373,Female,50plus,Married partner,Bachelors degree,Education&Training&Library,$12500 - $24999,less1,4~8,4~8,gt8,less1
13081,Male,26,Single,High School Graduate,Unemployed,$37500 - $49999,gt8,gt8,gt8,gt8,gt8
22272,Male,26,Single,Some High School,Unemployed,Less than $12500,1~3,gt8,4~8,4~8,4~8
19919,Male,21,Unmarried partner,Some college - no degree,Student,$12500 - $24999,never,less1,gt8,4~8,1~3
17477,Female,31,Unmarried partner,Graduate degree (Masters or Doctorate),Life Physical Social Science,$50000 - $62499,never,never,less1,less1,never
12033,Female,26,Married partner,Some college - no degree,Management,$25000 - $37499,less1,1~3,1~3,4~8,1~3
18131,Male,31,Single,Some college - no degree,Office & Administrative Support,$12500 - $24999,4~8,never,gt8,1~3,never
14627,Male,21,Single,Bachelors degree,Student,$25000 - $37499,4~8,4~8,4~8,1~3,never
10646,Female,41,Single,Some college - no degree,Office & Administrative Support,$25000 - $37499,less1,1~3,1~3,1~3,never
15467,Male,26,Single,Bachelors degree,Sales & Related,$75000 - $87499,never,never,1~3,1~3,1~3
19786,Male,31,Single,Some college - no degree,Office & Administrative Support,$12500 - $24999,4~8,never,gt8,4~8,never
20322,Female,21,Married partner,Associates degree,Unemployed,$50000 - $62499,never,1~3,1~3,1~3,1~3
20584,Female,31,Married partner,Bachelors degree,Unemployed,$37500 - $49999,less1,4~8,4~8,gt8,1~3
16967,Female,31,Married partner,Some college - no degree,Computer & Mathematical,$100000 or More,less1,less1,gt8,4~8,less1
22446,Female,50plus,Married partner,Bachelors degree,Unemployed,$37500 - $49999,never,less1,1~3,1~3,1~3
17849,Female,31,Married partner,Some college - no degree,Computer & Mathematical,$100000 or More,less1,less1,gt8,4~8,less1
22236,Female,21,Married partner,Some college - no degree,Healthcare Support,$12500 - $24999,less1,1~3,1~3,1~3,less1
19394,Male,21,Single,Bachelors degree,Unemployed,$100000 or More,4~8,less1,1~3,4~8,1~3
21452,Male,31,Married partner,Bachelors degree,Sales & Related,$75000 - $87499,1~3,1~3,4~8,4~8,4~8
18839,Female,31,Married partner,Some college - no degree,Arts Design Entertainment Sports & Media,$100000 or More,less1,less1,gt8,4~8,less1
20471,Female,31,Unmarried partner,Graduate degree (Masters or Doctorate),Student,$25000 - $37499,1~3,less1,1~3,1~3,less1
12670,Male,41,Divorced,Some college - no degree,Transportation & Material Moving,$50000 - $62499,less1,less1,1~3,1~3,1~3
21668,Female,41,Married partner,Graduate degree (Masters or Doctorate),Management,$75000 - $87499,less1,1~3,4~8,1~3,never
22296,Female,50plus,Widowed,High School Graduate,Retired,$12500 - $24999,never,never,4~8,1~3,
21648,Male,21,Single,Some college - no degree,Student,Less than $12500,less1,less1,less1,1~3,1~3
15073,Male,36,Married partner,Some college - no degree,Healthcare Practitioners & Technical,$25000 - $37499,never,gt8,4~8,less1,less1
15922,Female,21,Single,Some college - no degree,Student,Less than $12500,gt8,gt8,1~3,less1,never
12782,Female,26,Single,Associates degree,Unemployed,Less than $12500,1~3,less1,4~8,less1,4~8
18317,Male,26,Married partner,Graduate degree (Masters or Doctorate),Architecture & Engineering,$100000 or More,1~3,1~3,1~3,4~8,4~8
19660,Male,21,Single,Bachelors degree,Student,$25000 - $37499,1~3,4~8,4~8,1~3,
19636,Male,46,Single,Some college - no degree,Production Occupations,Less than $12500,4~8,4~8,1~3,less1,1~3
16909,Male,31,Unmarried partner,Some college - no degree,Sales & Related,$62500 - $74999,gt8,1~3,1~3,4~8,less1
17567,Female,below21,Single,Some college - no degree,Healthcare Support,Less than $12500,never,1~3,less1,4~8,less1
10370,Female,31,Married partner,Bachelors degree,Life Physical Social Science,$37500 - $49999,never,less1,4~8,4~8,less1
13380,Male,26,Single,High School Graduate,Sales & Related,$12500 - $24999,never,never,4~8,1~3,never
17669,Male,36,Single,Some college - no degree,Construction & Extraction,$50000 - $62499,never,never,1~3,less1,less1
20438,Female,21,Single,High School Graduate,Unemployed,Less than $12500,1~3,4~8,gt8,gt8,4~8
17300,Male,26,Single,Bachelors degree,Sales & Related,$75000 - $87499,never,never,less1,less1,less1
15267,Male,50plus,Married partner,Graduate degree (Masters or Doctorate),Retired,$62500 - $74999,never,4~8,1~3,4~8,less1
20166,Male,36,Married partner,Associates degree,Computer & Mathematical,$100000 or More,never,less1,4~8,1~3,less1
15869,Female,26,Married partner,Graduate degree (Masters or Doctorate),Community & Social Services,$50000 - $62499,less1,less1,less1,gt8,less1
13559,Male,21,Single,Bachelors degree,Arts Design Entertainment Sports & Media,$50000 - $62499,gt8,1~3,,4~8,less1
15442,Female,50plus,Single,Bachelors degree,Unemployed,Less than $12500,never,never,less1,less1,never
13175,Male,50plus,Married partner,Some college - no degree,Retired,$87500 - $99999,never,never,1~3,1~3,less1
21948,Female,31,Married partner,Some college - no degree,Computer & Mathematical,$100000 or More,less1,less1,gt8,4~8,less1
21365,Male,31,Single,Associates degree,Unemployed,Less than $12500,less1,less1,less1,1~3,less1
21694,Female,50plus,Married partner,High School Graduate,Sales & Related,$37500 - $49999,never,gt8,4~8,1~3,less1
19170,Male,31,Single,Bachelors degree,Office & Administrative Support,$25000 - $37499,never,less1,less1,less1,less1
17069,Male,26,Married partner,Associates degree,Building & Grounds Cleaning & Maintenance,$37500 - $49999,less1,less1,1~3,1~3,less1
17410,Male,46,Married partner,Graduate degree (Masters or Doctorate),Management,$87500 - $99999,less1,1~3,1~3,less1,1~3
10494,Male,26,Single,Some college - no degree,Unemployed,$87500 - $99999,never,1~3,4~8,less1,never
10040,Male,21,Single,Bachelors degree,Architecture & Engineering,$62500 - $74999,never,less1,4~8,4~8,less1
12041,Female,26,Married partner,Some college - no degree,Management,$25000 - $37499,less1,1~3,1~3,4~8,1~3
19994,Female,36,Divorced,Bachelors degree,Sales & Related,$12500 - $24999,never,less1,1~3,less1,never
11948,Male,41,Married partner,Graduate degree (Masters or Doctorate),Education&Training&Library,$50000 - $62499,less1,4~8,4~8,1~3,less1
14846,Female,21,Single,Some college - no degree,Sales & Related,$12500 - $24999,never,1~3,4~8,1~3,never
22199,Female,26,Unmarried partner,Some college - no degree,Computer & Mathematical,$50000 - $62499,4~8,gt8,1~3,1~3,1~3
10590,Male,26,Single,Bachelors degree,Office & Administrative Support,$50000 - $62499,4~8,never,4~8,1~3,less1
16690,Male,21,Single,High School Graduate,Unemployed,Less than $12500,4~8,gt8,less1,1~3,never
21966,Male,50plus,Married partner,Graduate degree (Masters or Doctorate),Education&Training&Library,$25000 - $37499,less1,1~3,1~3,1~3,less1
16726,Female,31,Married partner,Associates degree,Unemployed,$37500 - $49999,never,1~3,1~3,1~3,1~3
14831,Female,21,Single,Some college - no degree,Sales & Related,$12500 - $24999,never,1~3,4~8,1~3,never
10309,Male,41,Married partner,Graduate degree (Masters or Doctorate),Education&Training&Library,$50000 - $62499,never,1~3,1~3,1~3,less1
16451,Male,26,Single,Associates degree,Unemployed,Less than $12500,less1,less1,1~3,less1,less1
20300,Female,31,Married partner,Bachelors degree,Unemployed,$100000 or More,never,4~8,4~8,4~8,less1
19227,Male,50plus,Married partner,Some college - no degree,Office & Administrative Support,$62500 - $74999,1~3,never,1~3,1~3,less1
11625,Female,26,Single,Bachelors degree,Healthcare Practitioners & Technical,$37500 - $49999,1~3,1~3,gt8,gt8,gt8
11984,Male,36,Married partner,Some college - no degree,Management,$75000 - $87499,1~3,1~3,1~3,4~8,less1
22525,Male,21,Unmarried partner,High School Graduate,Food Preparation & Serving Related,$12500 - $24999,1~3,never,gt8,4~8,1~3
14315,Female,46,Single,Some college - no degree,Protective Service,$25000 - $37499,1~3,never,4~8,1~3,1~3
17233,Male,36,Unmarried partner,Associates degree,Unemployed,$25000 - $37499,never,never,1~3,less1,never
13728,Female,50plus,Single,Bachelors degree,Sales & Related,$25000 - $37499,never,less1,1~3,1~3,1~3
16827,Male,26,Married partner,Bachelors degree,Management,$50000 - $62499,never,less1,less1,1~3,less1
18075,Male,21,Single,Bachelors degree,Management,$25000 - $37499,4~8,never,4~8,gt8,1~3
11041,Male,50plus,Unmarried partner,Bachelors degree,Retired,$100000 or More,never,never,1~3,gt8,never
16636,Male,26,Single,Bachelors degree,Business & Financial,$100000 or More,4~8,1~3,1~3,1~3,less1
15235,Male,31,Married partner,Graduate degree (Masters or Doctorate),Education&Training&Library,$25000 - $37499,never,1~3,4~8,4~8,less1
16117,Male,26,Married partner,Bachelors degree,Computer & Mathematical,$75000 - $87499,1~3,never,1~3,1~3,less1
22168,Female,31,Single,Associates degree,Arts Design Entertainment Sports & Media,$75000 - $87499,,less1,gt8,1~3,less1
15138,Male,21,Single,Bachelors degree,Student,$50000 - $62499,less1,never,4~8,less1,never
22346,Male,31,Married partner,Some college - no degree,Computer & Mathematical,$37500 - $49999,never,never,1~3,1~3,1~3
11923,Female,31,Single,Bachelors degree,Transportation & Material Moving,$25000 - $37499,less1,1~3,4~8,gt8,less1
17299,Male,26,Single,Bachelors degree,Sales & Related,$75000 - $87499,never,never,less1,less1,less1
21888,Female,21,Married partner,Some college - no degree,Sales & Related,$25000 - $37499,less1,1~3,4~8,1~3,never
19405,Female,50plus,Divorced,Some college - no degree,Unemployed,$37500 - $49999,never,never,4~8,1~3,less1
13051,Female,41,Married partner,Graduate degree (Masters or Doctorate),Computer & Mathematical,$75000 - $87499,less1,gt8,4~8,gt8,less1
21846,Male,26,Unmarried partner,Graduate degree (Masters or Doctorate),Healthcare Practitioners & Technical,$25000 - $37499,less1,,1~3,never,never
13273,Female,31,Married partner,Some college - no degree,Computer & Mathematical,$100000 or More,less1,less1,1~3,gt8,less1
18383,Female,50plus,Married partner,Bachelors degree,Education&Training&Library,$12500 - $24999,less1,4~8,4~8,gt8,less1
18460,Female,50plus,Married partner,Some college - no degree,Personal Care & Service,$87500 - $99999,never,gt8,less1,1~3,less1
16304,Female,31,Married partner,Graduate degree (Masters or Doctorate),Computer & Mathematical,$62500 - $74999,less1,4~8,4~8,1~3,never
15030,Male,21,Single,Bachelors degree,Computer & Mathematical,$12500 - $24999,less1,1~3,gt8,gt8,1~3
13904,Male,50plus,Single,Bachelors degree,Computer & Mathematical,$75000 - $87499,1~3,never,1~3,4~8,1~3
10329,Female,21,Unmarried partner,Associates degree,Student,$75000 - $87499,never,less1,1~3,1~3,less1
18939,Female,31,Married partner,Associates degree,Student,$87500 - $99999,never,4~8,4~8,less1,less1
12512,Male,21,Single,Some college - no degree,Student,$100000 or More,less1,less1,1~3,less1,never
20539,Female,50plus,Married partner,High School Graduate,Retired,$75000 - $87499,never,never,4~8,less1,1~3
10224,Female,21,Unmarried partner,Bachelors degree,Management,$87500 - $99999,1~3,1~3,1~3,1~3,1~3
18651,Male,41,Single,Some college - no degree,Arts Design Entertainment Sports & Media,$12500 - $24999,never,never,1~3,1~3,never
14911,Female,31,Married partner,Some college - no degree,Arts Design Entertainment Sports & Media,$12500 - $24999,never,1~3,4~8,4~8,never
10082,Male,46,Married partner,Bachelors degree,Education&Training&Library,$75000 - $87499,less1,1~3,1~3,1~3,less1
13989,Male,36,Single,Bachelors degree,Business & Financial,$100000 or More,less1,1~3,gt8,gt8,1~3
21570,Male,36,Unmarried partner,Some college - no degree,Construction & Extraction,$25000 - $37499,never,4~8,4~8,less1,less1
18159,Female,46,Unmarried partner,Graduate degree (Masters or Doctorate),Unemployed,$100000 or More,never,less1,less1,1~3,less1
16949,Female,41,Married partner,Graduate degree (Masters or Doctorate),Business & Financial,$75000 - $87499,less1,1~3,gt8,4~8,less1
22066,Female,46,Married partner,Bachelors degree,Business & Financial,$100000 or More,never,4~8,4~8,1~3,
21983,Female,21,Married partner,Bachelors degree,Unemployed,$37500 - $49999,never,less1,1~3,1~3,less1
16306,Female,31,Married partner,Graduate degree (Masters or Doctorate),Computer & Mathematical,$62500 - $74999,less1,4~8,4~8,1~3,never
13054,Female,41,Married partner,Graduate degree (Masters or Doctorate),Computer & Mathematical,$75000 - $87499,less1,gt8,4~8,gt8,less1
10990,Female,31,Married partner,Bachelors degree,Arts Design Entertainment Sports & Media,$25000 - $37499,never,never,1~3,never,never
17132,Female,41,Married partner,Bachelors degree,Personal Care & Service,$100000 or More,1~3,less1,less1,1~3,1~3
21314,Male,36,Unmarried partner,Bachelors degree,Education&Training&Library,$62500 - $74999,4~8,1~3,gt8,gt8,1~3
10113,Male,26,Unmarried partner,Bachelors degree,Student,$50000 - $62499,1~3,gt8,4~8,1~3,less1
10200,Male,21,Single,Some college - no degree,Sales & Related,$100000 or More,less1,never,gt8,1~3,less1
17803,Male,36,Married partner,Associates degree,Management,$100000 or More,1~3,1~3,1~3,1~3,1~3
11668,Male,50plus,Unmarried partner,Bachelors degree,Personal Care & Service,$100000 or More,gt8,never,1~3,4~8,1~3
19056,Male,31,Married partner,Bachelors degree,Computer & Mathematical,$62500 - $74999,never,less1,gt8,4~8,less1
20247,Female,below21,Unmarried partner,High School Graduate,Student,Less than $12500,never,4~8,1~3,4~8,less1
13965,Female,21,Single,Bachelors degree,Arts Design Entertainment Sports & Media,$12500 - $24999,never,1~3,gt8,1~3,1~3
17444,Female,50plus,Married partner,Bachelors degree,Sales & Related,$50000 - $62499,4~8,4~8,1~3,1~3,less1
18174,Female,46,Married partner,Bachelors degree,Construction & Extraction,$12500 - $24999,1~3,4~8,4~8,1~3,less1
20311,Female,31,Married partner,Bachelors degree,Unemployed,$100000 or More,never,4~8,4~8,4~8,less1
14530,Female,46,Married partner,Some college - no degree,Personal Care & Service,$37500 - $49999,never,less1,less1,1~3,less1
17636,Male,50plus,Unmarried partner,Associates degree,Transportation & Material Moving,$50000 - $62499,never,1~3,4~8,4~8,1~3
19307,Male,below21,Single,High School Graduate,Student,$87500 - $99999,never,less1,1~3,4~8,4~8
13620,Female,26,Single,Bachelors degree,Retired,$87500 - $99999,never,less1,less1,1~3,less1
12189,Male,21,Single,Bachelors degree,Sales & Related,$12500 - $24999,1~3,less1,1~3,1~3,less1
21462,Female,41,Married partner,Some college - no degree,Education&Training&Library,$100000 or More,never,gt8,gt8,gt8,4~8
21996,Female,21,Married partner,Bachelors degree,Unemployed,$37500 - $49999,never,less1,1~3,1~3,less1
20374,Female,26,Unmarried partner,Graduate degree (Masters or Doctorate),Computer & Mathematical,$62500 - $74999,1~3,less1,1~3,4~8,1~3
12968,Male,31,Married partner,Some college - no degree,Computer & Mathematical,$37500 - $49999,never,less1,4~8,less1,less1
13159,Male,41,Married partner,Graduate degree (Masters or Doctorate),Management,$62500 - $74999,1~3,1~3,1~3,4~8,less1
22256,Male,50plus,Married partner,Some college - no degree,Business & Financial,$100000 or More,less1,1~3,4~8,1~3,1~3
10833,Male,50plus,Married partner,Bachelors degree,Retired,$87500 - $99999,never,never,less1,1~3,less1
22414,Male,31,Married partner,Some college - no degree,Protective Service,$100000 or More,1~3,less1,4~8,1~3,4~8
19900,Male,21,Unmarried partner,Some college - no degree,Student,$12500 - $24999,never,less1,gt8,4~8,1~3
21549,Male,31,Married partner,Graduate degree (Masters or Doctorate),Healthcare Practitioners & Technical,$50000 - $62499,1~3,gt8,4~8,1~3,less1
12498,Male,21,Single,Some college - no degree,Student,$100000 or More,less1,less1,1~3,less1,never
21722,Female,21,Single,Bachelors degree,Arts Design Entertainment Sports & Media,$75000 - $87499,gt8,less1,gt8,4~8,never
22433,Male,31,Married partner,Some college - no degree,Protective Service,$100000 or More,1~3,less1,4~8,1~3,4~8
10211,Male,21,Single,Some college - no degree,Sales & Related,$100000 or More,less1,never,gt8,1~3,less1
10373,Female,31,Married partner,Bachelors degree,Life Physical Social Science,$37500 - $49999,never,less1,4~8,4~8,less1
12240,Female,26,Married partner,Associates degree,Management,$12500 - $24999,never,less1,gt8,4~8,never
20741,Female,41,Married partner,Graduate degree (Masters or Doctorate),Food Preparation & Serving Related,$100000 or More,less1,gt8,4~8,4~8,4~8
10223,Female,21,Unmarried partner,Bachelors degree,Management,$87500 - $99999,1~3,1~3,1~3,1~3,1~3
19746,Male,26,Single,Some college - no degree,Unemployed,$87500 - $99999,never,1~3,4~8,less1,never
14987,Female,21,Single,High School Graduate,Unemployed,$100000 or More,never,never,less1,never,never
14170,Female,50plus,Married partner,Some college - no degree,Unemployed,$25000 - $37499,never,never,1~3,4~8,never
18445,Male,41,Married partner,Associates degree,Farming Fishing & Forestry,$25000 - $37499,never,never,never,1~3,never
17335,Male,36,Unmarried partner,Some college - no degree,Building & Grounds Cleaning & Maintenance,$25000 - $37499,1~3,less1,1~3,1~3,less1
10420,Male,50plus,Married partner,Bachelors degree,Personal Care & Service,$50000 - $62499,never,less1,less1,1~3,less1
21669,Female,41,Married partner,Graduate degree (Masters or Doctorate),Management,$75000 - $87499,less1,1~3,4~8,1~3,never
15630,Male,26,Single,Associates degree,Management,$37500 - $49999,4~8,1~3,4~8,1~3,less1
22303,Female,50plus,Widowed,High School Graduate,Retired,$12500 - $24999,never,never,4~8,1~3,
20809,Female,31,Single,Graduate degree (Masters or Doctorate),Legal,$75000 - $87499,gt8,4~8,4~8,4~8,4~8
14899,Female,31,Married partner,Some college - no degree,Arts Design Entertainment Sports & Media,$12500 - $24999,never,1~3,4~8,4~8,never
21636,Male,21,Single,Some college - no degree,Student,Less than $12500,less1,less1,less1,1~3,1~3
15806,Female,31,Unmarried partner,Bachelors degree,Management,$25000 - $37499,4~8,less1,1~3,4~8,1~3
11834,Male,41,Single,High School Graduate,Installation Maintenance & Repair,$12500 - $24999,less1,1~3,1~3,less1,never
17462,Female,31,Unmarried partner,Graduate degree (Masters or Doctorate),Life Physical Social Science,$50000 - $62499,never,never,less1,less1,never
20258,Female,31,Married partner,Graduate degree (Masters or Doctorate),Student,$25000 - $37499,never,gt8,4~8,1~3,less1
12840,Female,50plus,Married partner,Bachelors degree,Life Physical Social Science,$50000 - $62499,less1,never,4~8,less1,less1
20952,Female,31,Married partner,Bachelors degree,Student,$37500 - $49999,never,less1,gt8,4~8,less1
12097,Female,26,Single,Bachelors degree,Unemployed,Less than $12500,4~8,1~3,gt8,4~8,1~3
15213,Female,50plus,Unmarried partner,Some college - no degree,Management,$37500 - $49999,never,never,4~8,1~3,less1
17775,Male,26,Single,High School Graduate,Unemployed,$37500 - $49999,gt8,gt8,gt8,gt8,gt8
15686,Male,21,Single,High School Graduate,Student,$50000 - $62499,never,1~3,gt8,4~8,never
20092,Female,31,Single,Associates degree,Arts Design Entertainment Sports & Media,$75000 - $87499,never,less1,4~8,1~3,1~3
21885,Female,21,Married partner,Some college - no degree,Sales & Related,$25000 - $37499,less1,1~3,4~8,1~3,never
22173,Male,26,Single,High School Graduate,Unemployed,$37500 - $49999,gt8,gt8,gt8,gt8,gt8
11675,Male,50plus,Unmarried partner,Bachelors degree,Personal Care & Service,$100000 or More,gt8,never,1~3,4~8,1~3
10626,Female,21,Married partner,Some college - no degree,Student,$25000 - $37499,never,gt8,1~3,gt8,1~3
14257,Male,21,Single,Bachelors degree,Student,$100000 or More,1~3,4~8,1~3,4~8,1~3
19382,Male,21,Single,Bachelors degree,Unemployed,$100000 or More,4~8,less1,1~3,4~8,1~3
12502,Male,21,Single,Some college - no degree,Student,$100000 or More,less1,less1,1~3,less1,never
18994,Female,46,Married partner,High School Graduate,Transportation & Material Moving,$37500 - $49999,less1,less1,1~3,1~3,never
13793,Female,26,Single,Some college - no degree,Food Preparation & Serving Related,$25000 - $37499,1~3,1~3,1~3,1~3,less1
11562,Female,21,Single,Bachelors degree,Arts Design Entertainment Sports & Media,$100000 or More,less1,less1,1~3,1~3,1~3
19127,Female,21,Married partner,Some college - no degree,Student,Less than $12500,less1,gt8,4~8,1~3,1~3
14861,Male,below21,Single,Some college - no degree,Student,$62500 - $74999,never,1~3,4~8,1~3,less1
16732,Female,31,Married partner,Associates degree,Unemployed,$37500 - $49999,never,1~3,1~3,1~3,1~3
19263,Male,26,Single,Graduate degree (Masters or Doctorate),Computer & Mathematical,$62500 - $74999,1~3,gt8,4~8,4~8,1~3
18786,Male,26,Married partner,Bachelors degree,Computer & Mathematical,$100000 or More,4~8,,1~3,1~3,less1
10297,Female,41,Divorced,Bachelors degree,Arts Design Entertainment Sports & Media,$12500 - $24999,never,gt8,less1,1~3,never
11805,Male,36,Unmarried partner,Some college - no degree,Unemployed,$87500 - $99999,1~3,less1,4~8,1~3,less1
16457,Male,26,Single,Associates degree,Unemployed,Less than $12500,less1,less1,1~3,less1,less1
18023,Male,21,Single,Bachelors degree,Unemployed,$50000 - $62499,less1,1~3,1~3,less1,less1
11975,Male,36,Married partner,Some college - no degree,Management,$75000 - $87499,1~3,1~3,1~3,4~8,less1
10188,Female,26,Single,Associates degree,Healthcare Practitioners & Technical,$25000 - $37499,never,1~3,4~8,1~3,less1
16322,Female,31,Married partner,Graduate degree (Masters or Doctorate),Computer & Mathematical,$62500 - $74999,less1,4~8,4~8,1~3,never
12570,Female,50plus,Married partner,Some college - no degree,Education&Training&Library,$25000 - $37499,never,less1,gt8,4~8,less1
19138,Male,below21,Single,Some college - no degree,Student,$25000 - $37499,never,never,less1,never,
14154,Female,50plus,Married partner,Some college - no degree,Unemployed,$25000 - $37499,never,never,1~3,4~8,never
11898,Male,31,Single,Bachelors degree,Unemployed,Less than $12500,less1,1~3,gt8,1~3,never
11676,Male,50plus,Unmarried partner,Bachelors degree,Personal Care & Service,$100000 or More,gt8,never,1~3,4~8,1~3
16524,Male,below21,Single,Some college - no degree,Student,Less than $12500,1~3,4~8,1~3,gt8,4~8
20368,Female,26,Unmarried partner,Graduate degree (Masters or Doctorate),Computer & Mathematical,$62500 - $74999,1~3,less1,1~3,4~8,1~3
18107,Female,41,Married partner,Associates degree,Education&Training&Library,$62500 - $74999,never,less1,less1,less1,less1
15612,Male,26,Single,Associates degree,Management,$37500 - $49999,4~8,1~3,4~8,1~3,less1
19913,Male,21,Unmarried partner,Some college - no degree,Student,$12500 - $24999,never,less1,gt8,4~8,1~3
22079,Female,46,Married partner,Bachelors degree,Business & Financial,$100000 or More,never,4~8,4~8,1~3,
19752,Female,50plus,Married partner,Bachelors degree,Education&Training&Library,$100000 or More,never,less1,4~8,1~3,1~3
13925,Female,26,Single,Bachelors degree,Arts Design Entertainment Sports & Media,$12500 - $24999,never,never,1~3,less1,less1
14264,Female,26,Single,Bachelors degree,Education&Training&Library,$50000 - $62499,1~3,never,4~8,1~3,less1
19136,Female,21,Married partner,Some college - no degree,Student,Less than $12500,less1,gt8,4~8,1~3,1~3
20760,Female,31,Unmarried partner,Graduate degree (Masters or Doctorate),Computer & Mathematical,$50000 - $62499,less1,1~3,less1,1~3,less1
17013,Female,31,Married partner,Graduate degree (Masters or Doctorate),Education&Training&Library,$12500 - $24999,never,1~3,less1,1~3,1~3
19720,Female,46,Single,Some college - no degree,Office & Administrative Support,$37500 - $49999,never,1~3,gt8,4~8,1~3
14707,Female,21,Unmarried partner,Bachelors degree,Student,$50000 - $62499,less1,never,1~3,4~8,1~3
16006,Female,26,Single,Bachelors degree,Unemployed,Less than $12500,4~8,1~3,gt8,4~8,1~3
17359,Male,26,Married partner,Bachelors degree,Education&Training&Library,$37500 - $49999,never,,1~3,1~3,less1
14630,Male,21,Single,Bachelors degree,Student,$25000 - $37499,4~8,4~8,4~8,1~3,never
20666,Female,26,Married partner,Some college - no degree,Unemployed,$25000 - $37499,never,never,1~3,less1,never
10452,Male,31,Single,High School Graduate,Management,$50000 - $62499,gt8,gt8,gt8,gt8,gt8
17158,Male,31,Married partner,Some college - no degree,Construction & Extraction,$37500 - $49999,never,never,4~8,4~8,1~3
18027,Male,21,Single,Bachelors degree,Unemployed,$50000 - $62499,less1,1~3,1~3,less1,less1
11910,Male,31,Single,Bachelors degree,Unemployed,Less than $12500,less1,1~3,gt8,1~3,never
18932,Male,36,Single,Graduate degree (Masters or Doctorate),Unemployed,Less than $12500,never,less1,less1,4~8,less1
11761,Female,26,Single,Bachelors degree,Education&Training&Library,$25000 - $37499,never,1~3,less1,1~3,less1
11556,Female,21,Single,Bachelors degree,Arts Design Entertainment Sports & Media,$100000 or More,less1,less1,1~3,1~3,1~3
12740,Male,36,Single,Some college - no degree,Sales & Related,$50000 - $62499,never,never,less1,4~8,less1
12350,Female,31,Married partner,Some college - no degree,Education&Training&Library,$50000 - $62499,less1,1~3,4~8,4~8,less1
19503,Male,36,Married partner,Bachelors degree,Computer & Mathematical,$100000 or More,less1,never,1~3,less1,less1
11797,Male,36,Unmarried partner,Some college - no degree,Unemployed,$87500 - $99999,1~3,less1,4~8,1~3,less1
19640,Male,46,Single,Some college - no degree,Production Occupations,Less than $12500,4~8,4~8,1~3,less1,1~3
18455,Female,50plus,Married partner,Some college - no degree,Personal Care & Service,$87500 - $99999,never,gt8,less1,1~3,less1
19851,Female,50plus,Married partner,Bachelors degree,Sales & Related,$50000 - $62499,1~3,4~8,less1,1~3,less1
19094,Male,26,Married partner,Bachelors degree,Sales & Related,$25000 - $37499,less1,never,1~3,less1,less1
15208,Female,50plus,Unmarried partner,Some college - no degree,Management,$37500 - $49999,never,never,4~8,1~3,less1
20303,Female,31,Married partner,Bachelors degree,Unemployed,$100000 or More,never,4~8,4~8,4~8,less1
19175,Male,31,Single,Bachelors degree,Office & Administrative Support,$25000 - $37499,never,less1,less1,less1,less1
20549,Male,26,Single,Some High School,Installation Maintenance & Repair,$12500 - $24999,4~8,1~3,1~3,4~8,4~8
13905,Male,50plus,Single,Bachelors degree,Computer & Mathematical,$75000 - $87499,1~3,never,1~3,4~8,1~3
20956,Female,31,Married partner,Bachelors degree,Student,$37500 - $49999,never,less1,gt8,4~8,less1
18427,Male,26,Single,Bachelors degree,Food Preparation & Serving Related,$50000 - $62499,4~8,1~3,4~8,1~3,4~8
20922,Female,21,Unmarried partner,Some college - no degree,Student,Less than $12500,1~3,1~3,4~8,1~3,less1
21664,Female,41,Married partner,Graduate degree (Masters or Doctorate),Management,$75000 - $87499,less1,1~3,4~8,1~3,never
10571,Male,31,Single,Some college - no degree,Sales & Related,$37500 - $49999,4~8,gt8,gt8,1~3,less1
13851,Female,21,Single,Some college - no degree,Sales & Related,$12500 - $24999,never,4~8,4~8,4~8,never
20637,Male,21,Single,Bachelors degree,Protective Service,$25000 - $37499,never,never,gt8,less1,less1
16004,Female,26,Single,Bachelors degree,Unemployed,Less than $12500,4~8,1~3,gt8,4~8,1~3
20851,Male,41,Single,Bachelors degree,Business & Financial,$62500 - $74999,1~3,4~8,1~3,4~8,4~8
20925,Female,21,Unmarried partner,Some college - no degree,Student,Less than $12500,1~3,1~3,4~8,1~3,less1
15688,Male,21,Single,High School Graduate,Student,$50000 - $62499,never,1~3,gt8,4~8,never
20088,Female,31,Single,Associates degree,Arts Design Entertainment Sports & Media,$75000 - $87499,never,less1,4~8,1~3,1~3
14062,Female,21,Married partner,Some college - no degree,Sales & Related,Less than $12500,never,never,4~8,4~8,less1
12211,Male,36,Married partner,Associates degree,Protective Service,$100000 or More,4~8,never,4~8,4~8,1~3
10230,Female,21,Unmarried partner,Bachelors degree,Management,$87500 - $99999,1~3,1~3,1~3,1~3,1~3
14802,Male,21,Single,High School Graduate,Student,$37500 - $49999,less1,never,less1,less1,never
14522,Female,36,Unmarried partner,Graduate degree (Masters or Doctorate),Legal,$62500 - $74999,1~3,gt8,4~8,gt8,1~3
20068,Female,50plus,Single,Some college - no degree,Unemployed,Less than $12500,never,1~3,less1,1~3,less1
13233,Female,31,Single,High School Graduate,Healthcare Support,$25000 - $37499,never,1~3,1~3,1~3,1~3
14455,Male,below21,Unmarried partner,Some college - no degree,Student,$12500 - $24999,less1,gt8,4~8,1~3,less1
18149,Female,46,Unmarried partner,Graduate degree (Masters or Doctorate),Unemployed,$100000 or More,never,less1,less1,1~3,less1
10842,Male,50plus,Married partner,Bachelors degree,Retired,$87500 - $99999,never,never,less1,1~3,less1
11841,Male,41,Single,High School Graduate,Installation Maintenance & Repair,$12500 - $24999,less1,1~3,1~3,less1,never
13017,Female,31,Divorced,Some college - no degree,Food Preparation & Serving Related,$12500 - $24999,1~3,never,4~8,less1,less1
19699,Male,41,Married partner,Some college - no degree,Production Occupations,$25000 - $37499,less1,never,gt8,1~3,1~3
22444,Female,50plus,Married partner,Bachelors degree,Unemployed,$37500 - $49999,never,less1,1~3,1~3,1~3
10560,Female,46,Single,Bachelors degree,Arts Design Entertainment Sports & Media,$37500 - $49999,never,less1,less1,less1,never
13566,Male,21,Single,Bachelors degree,Arts Design Entertainment Sports & Media,$50000 - $62499,gt8,1~3,,4~8,less1
12025,Female,50plus,Married partner,Associates degree,Legal,$100000 or More,less1,never,gt8,4~8,1~3
18642,Female,26,Married partner,Bachelors degree,Unemployed,$87500 - $99999,1~3,less1,,less1,less1
17304,Male,26,Single,Bachelors degree,Sales & Related,$75000 - $87499,never,never,less1,less1,less1
10592,Male,26,Single,Bachelors degree,Office & Administrative Support,$50000 - $62499,4~8,never,4~8,1~3,less1
18359,Male,26,Unmarried partner,Bachelors degree,Sales & Related,$75000 - $87499,never,never,1~3,4~8,1~3
21054,Male,46,Single,Some college - no degree,Sales & Related,Less than $12500,1~3,1~3,4~8,4~8,4~8
17026,Female,50plus,Divorced,Bachelors degree,Retired,Less than $12500,never,4~8,gt8,gt8,less1
16570,Female,41,Married partner,Bachelors degree,Office & Administrative Support,$62500 - $74999,4~8,1~3,4~8,gt8,less1
20066,Female,50plus,Single,Some college - no degree,Unemployed,Less than $12500,never,1~3,less1,1~3,less1
21015,Female,26,Single,Bachelors degree,Unemployed,$25000 - $37499,1~3,never,1~3,4~8,1~3
11155,Female,31,Married partner,Some college - no degree,Computer & Mathematical,$100000 or More,less1,less1,gt8,4~8,less1
19948,Male,31,Single,Bachelors degree,Education&Training&Library,$50000 - $62499,never,never,1~3,1~3,1~3
20137,Female,26,Married partner,Some college - no degree,Office & Administrative Support,$75000 - $87499,never,never,1~3,4~8,less1
19437,Male,36,Single,Some college - no degree,Business & Financial,$37500 - $49999,never,less1,gt8,gt8,never
21939,Female,31,Married partner,Some college - no degree,Computer & Mathematical,$100000 or More,less1,less1,gt8,4~8,less1
15122,Female,21,Single,Some college - no degree,Student,$50000 - $62499,never,never,never,gt8,less1
10884,Female,21,Single,Bachelors degree,Office & Administrative Support,$37500 - $49999,1~3,less1,4~8,1~3,less1
17397,Male,46,Married partner,Graduate degree (Masters or Doctorate),Management,$87500 - $99999,less1,1~3,1~3,less1,1~3
17589,Male,26,Married partner,Bachelors degree,Computer & Mathematical,$50000 - $62499,less1,less1,1~3,less1,less1
21884,Female,21,Married partner,Some college - no degree,Sales & Related,$25000 - $37499,less1,1~3,4~8,1~3,never
16255,Male,41,Divorced,Associates degree,Arts Design Entertainment Sports & Media,$12500 - $24999,4~8,4~8,1~3,1~3,less1
22027,Male,21,Single,Bachelors degree,Legal,$87500 - $99999,1~3,less1,less1,less1,less1
17039,Female,50plus,Divorced,Bachelors degree,Retired,Less than $12500,never,4~8,gt8,gt8,less1
16754,Male,21,Single,Some college - no degree,Unemployed,$75000 - $87499,1~3,4~8,less1,less1,never
20425,Female,21,Single,High School Graduate,Unemployed,Less than $12500,1~3,4~8,gt8,gt8,4~8
19193,Male,21,Single,Bachelors degree,Legal,$87500 - $99999,1~3,never,less1,less1,less1
12006,Male,21,Married partner,Bachelors degree,Management,$50000 - $62499,never,never,4~8,4~8,1~3
19878,Female,36,Divorced,Associates degree,Computer & Mathematical,$12500 - $24999,less1,4~8,1~3,less1,less1
21830,Female,50plus,Widowed,Associates degree,Healthcare Support,$12500 - $24999,less1,less1,4~8,1~3,less1
17645,Male,50plus,Married partner,Associates degree,Retired,$37500 - $49999,never,never,4~8,4~8,never
18830,Female,31,Married partner,Some college - no degree,Arts Design Entertainment Sports & Media,$100000 or More,less1,less1,gt8,4~8,less1
12678,Male,41,Divorced,Some college - no degree,Transportation & Material Moving,$50000 - $62499,less1,less1,1~3,1~3,1~3
11726,Male,26,Married partner,Bachelors degree,Computer & Mathematical,$62500 - $74999,never,less1,less1,gt8,1~3
11124,Female,36,Married partner,Bachelors degree,Unemployed,$87500 - $99999,less1,1~3,1~3,less1,less1
15342,Female,26,Unmarried partner,Some college - no degree,Student,$25000 - $37499,never,less1,1~3,1~3,less1
22091,Female,21,Unmarried partner,Some college - no degree,Office & Administrative Support,$25000 - $37499,never,never,1~3,never,never
13674,Male,26,Married partner,Bachelors degree,Life Physical Social Science,$37500 - $49999,less1,1~3,1~3,1~3,less1
18278,Male,21,Single,Associates degree,Computer & Mathematical,$37500 - $49999,never,less1,1~3,less1,less1
11540,Female,36,Married partner,Some college - no degree,Construction & Extraction,$12500 - $24999,never,1~3,1~3,less1,less1
14327,Female,31,Unmarried partner,Bachelors degree,Sales & Related,$37500 - $49999,1~3,less1,4~8,4~8,less1
17558,Female,26,Married partner,Bachelors degree,Arts Design Entertainment Sports & Media,$50000 - $62499,never,never,less1,less1,less1
12482,Female,46,Single,Graduate degree (Masters or Doctorate),Management,$75000 - $87499,never,never,gt8,4~8,less1
13939,Male,26,Married partner,Bachelors degree,Computer & Mathematical,$25000 - $37499,less1,1~3,1~3,1~3,1~3
14162,Female,50plus,Married partner,Some college - no degree,Unemployed,$25000 - $37499,never,never,1~3,4~8,never
12393,Female,50plus,Married partner,Some college - no degree,Transportation & Material Moving,$75000 - $87499,never,never,4~8,gt8,less1
12758,Female,50plus,Married partner,Bachelors degree,Education&Training&Library,$50000 - $62499,never,never,less1,less1,less1
17218,Male,36,Unmarried partner,Associates degree,Unemployed,$25000 - $37499,never,never,1~3,less1,never
17124,Male,31,Married partner,Graduate degree (Masters or Doctorate),Education&Training&Library,$62500 - $74999,less1,less1,4~8,4~8,less1
11338,Female,46,Single,Some college - no degree,Sales & Related,$37500 - $49999,never,less1,1~3,1~3,1~3
16267,Male,36,Single,Some college - no degree,Computer & Mathematical,$37500 - $49999,less1,1~3,4~8,1~3,less1
21654,Male,21,Single,Some college - no degree,Student,Less than $12500,less1,less1,less1,1~3,1~3
22265,Male,26,Single,Some High School,Unemployed,Less than $12500,1~3,gt8,4~8,4~8,4~8
16036,Female,26,Unmarried partner,Some college - no degree,Management,$37500 - $49999,less1,less1,less1,1~3,less1
12957,Male,50plus,Married partner,Some college - no degree,Computer & Mathematical,$37500 - $49999,1~3,less1,4~8,1~3,1~3
22330,Male,31,Married partner,Some college - no degree,Computer & Mathematical,$37500 - $49999,never,never,1~3,1~3,1~3
21141,Male,50plus,Single,Bachelors degree,Management,$100000 or More,1~3,4~8,4~8,1~3,less1
17797,Male,36,Married partner,Associates degree,Management,$100000 or More,1~3,1~3,1~3,1~3,1~3
22517,Male,26,Single,Some college - no degree,Sales & Related,Less than $12500,never,never,never,1~3,never
14177,Male,26,Single,Associates degree,Unemployed,Less than $12500,less1,never,1~3,less1,less1
16842,Male,26,Married partner,Bachelors degree,Management,$50000 - $62499,never,less1,less1,1~3,less1
17367,Male,26,Married partner,Bachelors degree,Education&Training&Library,$37500 - $49999,never,,1~3,1~3,less1
12609,Female,41,Married partner,Bachelors degree,Legal,$100000 or More,never,1~3,1~3,1~3,less1
15049,Male,21,Single,Bachelors degree,Computer & Mathematical,$12500 - $24999,less1,1~3,gt8,gt8,1~3
21312,Male,36,Unmarried partner,Bachelors degree,Education&Training&Library,$62500 - $74999,4~8,1~3,gt8,gt8,1~3
16688,Male,21,Single,Bachelors degree,Student,$37500 - $49999,less1,1~3,4~8,1~3,less1
18498,Male,46,Married partner,Graduate degree (Masters or Doctorate),Management,$87500 - $99999,less1,1~3,1~3,less1,1~3
14105,Male,21,Unmarried partner,Bachelors degree,Student,Less than $12500,1~3,less1,4~8,1~3,less1
22545,Male,21,Unmarried partner,High School Graduate,Food Preparation & Serving Related,$12500 - $24999,1~3,never,gt8,4~8,1~3
16543,Female,50plus,Divorced,Graduate degree (Masters or Doctorate),Community & Social Services,$25000 - $37499,never,1~3,less1,4~8,less1
14136,Female,26,Married partner,Bachelors degree,Protective Service,$100000 or More,never,gt8,4~8,gt8,1~3
17835,Male,21,Single,Bachelors degree,Unemployed,$100000 or More,less1,4~8,1~3,less1,less1
15862,Female,26,Married partner,Graduate degree (Masters or Doctorate),Community & Social Services,$50000 - $62499,less1,less1,less1,gt8,less1
12511,Male,21,Single,Some college - no degree,Student,$100000 or More,less1,less1,1~3,less1,never
19163,Male,31,Single,Bachelors degree,Office & Administrative Support,$25000 - $37499,never,less1,less1,less1,less1
15154,Male,36,Married partner,Bachelors degree,Arts Design Entertainment Sports & Media,$100000 or More,less1,1~3,4~8,1~3,1~3
14730,Male,below21,Single,Some college - no degree,Student,$87500 - $99999,never,4~8,,4~8,less1
11671,Male,50plus,Unmarried partner,Bachelors degree,Personal Care & Service,$100000 or More,gt8,never,1~3,4~8,1~3
15666,Female,31,Single,Bachelors degree,Production Occupations,$37500 - $49999,less1,less1,4~8,,less1
20484,Female,31,Unmarried partner,Graduate degree (Masters or Doctorate),Student,$25000 - $37499,1~3,less1,1~3,1~3,less1
19983,Female,21,Married partner,High School Graduate,Office & Administrative Support,$12500 - $24999,never,never,4~8,1~3,less1
17485,Male,26,Single,Bachelors degree,Unemployed,$62500 - $74999,4~8,never,4~8,1~3,less1
20728,Female,21,Married partner,Some college - no degree,Unemployed,$25000 - $37499,never,less1,1~3,1~3,never
19511,Male,31,Unmarried partner,Bachelors degree,Sales & Related,$12500 - $24999,never,less1,1~3,1~3,never
15364,Female,26,Unmarried partner,Associates degree,Office & Administrative Support,$12500 - $24999,less1,1~3,1~3,1~3,1~3
10503,Male,26,Unmarried partner,Bachelors degree,Community & Social Services,$12500 - $24999,never,,less1,less1,less1
13923,Female,26,Single,Bachelors degree,Arts Design Entertainment Sports & Media,$12500 - $24999,never,never,1~3,less1,less1
19440,Male,36,Single,Some college - no degree,Business & Financial,$37500 - $49999,never,less1,gt8,gt8,never
17430,Female,26,Single,Bachelors degree,Computer & Mathematical,$25000 - $37499,less1,less1,4~8,1~3,never
15433,Female,26,Single,Bachelors degree,Personal Care & Service,$12500 - $24999,never,,1~3,1~3,less1
19320,Female,46,Divorced,Bachelors degree,Office & Administrative Support,$25000 - $37499,never,1~3,1~3,1~3,1~3
10158,Male,26,Single,Some college - no degree,Healthcare Support,$37500 - $49999,gt8,gt8,gt8,gt8,gt8
21327,Female,50plus,Single,Bachelors degree,Food Preparation & Serving Related,$12500 - $24999,never,1~3,4~8,less1,less1
20576,Female,31,Married partner,Bachelors degree,Unemployed,$37500 - $49999,less1,4~8,4~8,gt8,1~3
12884,Female,36,Married partner,Bachelors degree,Education&Training&Library,$50000 - $62499,,1~3,4~8,1~3,1~3
21762,Female,26,Single,Bachelors degree,Office & Administrative Support,$12500 - $24999,less1,less1,less1,less1,less1
19347,Female,50plus,Single,Associates degree,Retired,Less than $12500,never,never,less1,never,never
17924,Male,26,Married partner,Bachelors degree,Education&Training&Library,$50000 - $62499,never,less1,1~3,1~3,1~3
21908,Male,26,Single,Some college - no degree,Unemployed,$100000 or More,1~3,never,4~8,1~3,less1
19097,Male,26,Married partner,Bachelors degree,Sales & Related,$25000 - $37499,less1,never,1~3,less1,less1
16343,Female,36,Divorced,Graduate degree (Masters or Doctorate),Student,$12500 - $24999,never,gt8,gt8,gt8,1~3
21117,Male,21,Single,Some college - no degree,Computer & Mathematical,Less than $12500,never,4~8,4~8,4~8,never
19630,Male,46,Single,Some college - no degree,Production Occupations,Less than $12500,4~8,4~8,1~3,less1,1~3
17519,Female,41,Unmarried partner,Some college - no degree,Unemployed,Less than $12500,never,1~3,1~3,4~8,less1
10218,Female,21,Unmarried partner,Bachelors degree,Management,$87500 - $99999,1~3,1~3,1~3,1~3,1~3
10500,Male,26,Unmarried partner,Bachelors degree,Community & Social Services,$12500 - $24999,never,,less1,less1,less1
21024,Female,26,Single,Bachelors degree,Unemployed,$25000 - $37499,1~3,never,1~3,4~8,1~3
15743,Male,26,Married partner,Some college - no degree,Computer & Mathematical,$50000 - $62499,never,1~3,1~3,less1,1~3
17235,Male,36,Unmarried partner,Associates degree,Unemployed,$25000 - $37499,never,never,1~3,less1,never
12766,Female,50plus,Married partner,Bachelors degree,Education&Training&Library,$50000 - $62499,never,never,less1,less1,less1
21582,Male,36,Unmarried partner,Some college - no degree,Construction & Extraction,$25000 - $37499,never,4~8,4~8,less1,less1
18806,Male,36,Married partner,Graduate degree (Masters or Doctorate),Computer & Mathematical,$100000 or More,never,never,less1,1~3,1~3
19387,Male,21,Single,Bachelors degree,Unemployed,$100000 or More,4~8,less1,1~3,4~8,1~3
19249,Male,26,Single,Graduate degree (Masters or Doctorate),Computer & Mathematical,$62500 - $74999,1~3,gt8,4~8,4~8,1~3
18997,Female,46,Married partner,High School Graduate,Transportation & Material Moving,$37500 - $49999,less1,less1,1~3,1~3,never
21777,Female,26,Single,Bachelors degree,Office & Administrative Support,$12500 - $24999,less1,less1,less1,less1,less1
20765,Female,31,Unmarried partner,Graduate degree (Masters or Doctorate),Computer & Mathematical,$50000 - $62499,less1,1~3,less1,1~3,less1
13901,Male,50plus,Single,Bachelors degree,Computer & Mathematical,$75000 - $87499,1~3,never,1~3,4~8,1~3
14570,Female,26,Unmarried partner,Graduate degree (Masters or Doctorate),Education&Training&Library,$37500 - $49999,never,1~3,1~3,1~3,less1
12901,Male,21,Single,Some college - no degree,Computer & Mathematical,$25000 - $37499,less1,1~3,1~3,1~3,less1
16130,Male,26,Married partner,Bachelors degree,Computer & Mathematical,$75000 - $87499,1~3,never,1~3,1~3,less1
20109,Female,36,Married partner,Graduate degree (Masters or Doctorate),Healthcare Practitioners & Technical,$87500 - $99999,1~3,4~8,4~8,4~8,1~3
13704,Female,26,Unmarried partner,High School Graduate,Business & Financial,$12500 - $24999,never,1~3,less1,1~3,never
13637,Male,21,Single,Bachelors degree,Student,$62500 - $74999,4~8,4~8,1~3,1~3,less1
13082,Male,26,Single,High School Graduate,Unemployed,$37500 - $49999,gt8,gt8,gt8,gt8,gt8
15283,Male,46,Unmarried partner,Some college - no degree,Transportation & Material Moving,$12500 - $24999,never,less1,1~3,less1,less1
15116,Female,21,Single,Some college - no degree,Student,$50000 - $62499,never,never,never,gt8,less1
22666,Male,26,Single,Bachelors degree,Sales & Related,$75000 - $87499,never,never,1~3,4~8,1~3
16128,Male,26,Married partner,Bachelors degree,Computer & Mathematical,$75000 - $87499,1~3,never,1~3,1~3,less1
18353,Male,26,Unmarried partner,Bachelors degree,Sales & Related,$75000 - $87499,never,never,1~3,4~8,1~3
20270,Female,31,Married partner,Graduate degree (Masters or Doctorate),Student,$25000 - $37499,never,gt8,4~8,1~3,less1
13144,Male,41,Married partner,Graduate degree (Masters or Doctorate),Management,$62500 - $74999,1~3,1~3,1~3,4~8,less1
12925,Female,31,Divorced,High School Graduate,Business & Financial,$25000 - $37499,1~3,less1,1~3,less1,4~8
12046,Female,26,Married partner,Some college - no degree,Management,$25000 - $37499,less1,1~3,1~3,4~8,1~3
14478,Female,26,Single,Bachelors degree,Unemployed,$25000 - $37499,never,less1,1~3,4~8,never
13037,Male,21,Single,Some college - no degree,Student,$12500 - $24999,less1,never,less1,less1,less1
15525,Female,50plus,Single,High School Graduate,Management,$37500 - $49999,less1,less1,less1,less1,1~3
20408,Female,26,Unmarried partner,Bachelors degree,Community & Social Services,$37500 - $49999,less1,never,1~3,less1,never
12268,Male,21,Single,Graduate degree (Masters or Doctorate),Computer & Mathematical,$50000 - $62499,never,never,1~3,less1,never
21953,Female,31,Married partner,Some college - no degree,Computer & Mathematical,$100000 or More,less1,less1,gt8,4~8,less1
17280,Female,26,Married partner,Associates degree,Unemployed,$37500 - $49999,less1,1~3,1~3,1~3,1~3
20892,Female,below21,Unmarried partner,High School Graduate,Student,Less than $12500,never,4~8,1~3,4~8,less1
20495,Male,below21,Single,Some college - no degree,Student,Less than $12500,1~3,1~3,1~3,less1,less1
12562,Female,50plus,Married partner,Some college - no degree,Education&Training&Library,$25000 - $37499,never,less1,gt8,4~8,less1
19947,Male,31,Single,Bachelors degree,Education&Training&Library,$50000 - $62499,never,never,1~3,1~3,1~3
16849,Female,46,Married partner,Some High School,Unemployed,$12500 - $24999,never,never,less1,less1,never
20125,Female,26,Married partner,Some college - no degree,Office & Administrative Support,$75000 - $87499,never,never,1~3,4~8,less1
18643,Female,26,Married partner,Bachelors degree,Unemployed,$87500 - $99999,1~3,less1,,less1,less1
13968,Female,21,Single,Bachelors degree,Arts Design Entertainment Sports & Media,$12500 - $24999,never,1~3,gt8,1~3,1~3
18520,Female,21,Married partner,Some college - no degree,Student,$12500 - $24999,1~3,1~3,4~8,4~8,never
20601,Female,31,Divorced,Some college - no degree,Food Preparation & Serving Related,$12500 - $24999,less1,less1,4~8,gt8,gt8
20244,Female,below21,Unmarried partner,High School Graduate,Student,Less than $12500,never,4~8,1~3,4~8,less1
13312,Male,21,Single,Some college - no degree,Student,$50000 - $62499,never,4~8,4~8,1~3,less1
11629,Female,26,Single,Bachelors degree,Healthcare Practitioners & Technical,$37500 - $49999,1~3,1~3,gt8,gt8,gt8
11454,Female,46,Single,Some college - no degree,Sales & Related,$25000 - $37499,never,never,1~3,less1,less1
22033,Male,21,Single,Bachelors degree,Legal,$87500 - $99999,1~3,less1,less1,less1,less1
22244,Male,50plus,Married partner,Some college - no degree,Business & Financial,$100000 or More,less1,1~3,4~8,1~3,1~3
18647,Female,26,Married partner,Bachelors degree,Unemployed,$87500 - $99999,1~3,less1,,less1,less1
14167,Female,50plus,Married partner,Some college - no degree,Unemployed,$25000 - $37499,never,never,1~3,4~8,never
12949,Male,50plus,Married partner,Some college - no degree,Computer & Mathematical,$37500 - $49999,1~3,less1,4~8,1~3,1~3
15034,Male,21,Single,Bachelors degree,Computer & Mathematical,$12500 - $24999,less1,1~3,gt8,gt8,1~3
11230,Male,below21,Single,Some college - no degree,Student,$62500 - $74999,never,1~3,1~3,never,1~3
20313,Female,31,Married partner,Bachelors degree,Unemployed,$100000 or More,never,4~8,4~8,4~8,less1
10594,Male,26,Single,Bachelors degree,Office & Administrative Support,$50000 - $62499,4~8,never,4~8,1~3,less1
14624,Male,21,Single,Bachelors degree,Student,$25000 - $37499,4~8,4~8,4~8,1~3,never
21340,Female,50plus,Single,Bachelors degree,Food Preparation & Serving Related,$12500 - $24999,never,1~3,4~8,less1,less1
21994,Female,21,Married partner,Bachelors degree,Unemployed,$37500 - $49999,never,less1,1~3,1~3,less1
21490,Female,41,Married partner,Some college - no degree,Arts Design Entertainment Sports & Media,$87500 - $99999,1~3,1~3,4~8,4~8,1~3
20184,Male,36,Married partner,Associates degree,Computer & Mathematical,$100000 or More,never,less1,4~8,1~3,less1
21071,Female,36,Married partner,Some college - no degree,Unemployed,Less than $12500,never,never,4~8,less1,less1
11553,Female,21,Single,Bachelors degree,Arts Design Entertainment Sports & Media,$100000 or More,less1,less1,1~3,1~3,1~3
10903,Female,31,Unmarried partner,Associates degree,Education&Training&Library,$50000 - $62499,never,never,4~8,,never
10453,Male,31,Single,High School Graduate,Management,$50000 - $62499,gt8,gt8,gt8,gt8,gt8
10875,Female,26,Unmarried partner,Associates degree,Community & Social Services,$50000 - $62499,never,1~3,1~3,1~3,less1
17151,Male,31,Married partner,Some college - no degree,Construction & Extraction,$37500 - $49999,never,never,4~8,4~8,1~3
14683,Male,31,Married partner,Graduate degree (Masters or Doctorate),Community & Social Services,$37500 - $49999,never,never,less1,less1,never
21030,Female,26,Single,Bachelors degree,Unemployed,$25000 - $37499,1~3,never,1~3,4~8,1~3
20413,Female,26,Unmarried partner,Bachelors degree,Community & Social Services,$37500 - $49999,less1,never,1~3,less1,never
21945,Female,31,Married partner,Some college - no degree,Computer & Mathematical,$100000 or More,less1,less1,gt8,4~8,less1
20696,Male,26,Married partner,Bachelors degree,Management,$12500 - $24999,1~3,4~8,1~3,1~3,
19449,Male,50plus,Unmarried partner,High School Graduate,Retired,$50000 - $62499,less1,less1,4~8,1~3,less1
12824,Female,50plus,Married partner,Bachelors degree,Life Physical Social Science,$50000 - $62499,less1,never,4~8,less1,less1
10910,Female,31,Unmarried partner,Associates degree,Education&Training&Library,$50000 - $62499,never,never,4~8,,never
21737,Female,21,Unmarried partner,Some college - no degree,Unemployed,$87500 - $99999,1~3,gt8,4~8,4~8,less1
10777,Female,26,Single,Graduate degree (Masters or Doctorate),Legal,$25000 - $37499,1~3,1~3,1~3,gt8,1~3
17344,Male,36,Unmarried partner,Some college - no degree,Building & Grounds Cleaning & Maintenance,$25000 - $37499,1~3,less1,1~3,1~3,less1
21612,Female,21,Single,Bachelors degree,Student,$25000 - $37499,never,never,less1,never,never
21999,Male,21,Single,Some college - no degree,Student,Less than $12500,4~8,1~3,4~8,1~3,less1
18205,Male,31,Single,Associates degree,Installation Maintenance & Repair,$37500 - $49999,1~3,4~8,1~3,1~3,less1
15123,Female,21,Single,Some college - no degree,Student,$50000 - $62499,never,never,never,gt8,less1
15083,Male,21,Single,High School Graduate,Unemployed,$25000 - $37499,less1,1~3,4~8,1~3,less1
12940,Male,50plus,Married partner,Some college - no degree,Computer & Mathematical,$37500 - $49999,1~3,less1,4~8,1~3,1~3
22482,Female,26,Unmarried partner,Some college - no degree,Office & Administrative Support,$50000 - $62499,1~3,never,4~8,4~8,less1
14541,Female,46,Married partner,Some college - no degree,Personal Care & Service,$37500 - $49999,never,less1,less1,1~3,less1
20799,Female,31,Single,Graduate degree (Masters or Doctorate),Legal,$75000 - $87499,gt8,4~8,4~8,4~8,4~8
18756,Female,41,Married partner,Graduate degree (Masters or Doctorate),Business & Financial,$87500 - $99999,less1,1~3,4~8,1~3,less1
21263,Male,31,Single,Some college - no degree,Transportation & Material Moving,$50000 - $62499,1~3,4~8,4~8,4~8,1~3
14572,Female,26,Unmarried partner,Graduate degree (Masters or Doctorate),Education&Training&Library,$37500 - $49999,never,1~3,1~3,1~3,less1
21184,Female,below21,Unmarried partner,Some college - no degree,Education&Training&Library,$37500 - $49999,never,gt8,gt8,gt8,less1
10690,Male,36,Married partner,Some college - no degree,Management,$50000 - $62499,less1,1~3,4~8,1~3,1~3
16177,Female,21,Unmarried partner,Some college - no degree,Sales & Related,$25000 - $37499,never,less1,less1,less1,never
15326,Female,26,Unmarried partner,Some college - no degree,Student,$25000 - $37499,never,less1,1~3,1~3,less1
10382,Female,31,Married partner,Bachelors degree,Life Physical Social Science,$37500 - $49999,never,less1,4~8,4~8,less1
10697,Male,36,Married partner,Some college - no degree,Management,$50000 - $62499,less1,1~3,4~8,1~3,1~3
17413,Male,46,Married partner,Graduate degree (Masters or Doctorate),Management,$87500 - $99999,less1,1~3,1~3,less1,1~3
17472,Female,31,Unmarried partner,Graduate degree (Masters or Doctorate),Life Physical Social Science,$50000 - $62499,never,never,less1,less1,never
18919,Male,36,Single,Graduate degree (Masters or Doctorate),Unemployed,Less than $12500,never,less1,less1,4~8,less1
18198,Male,31,Single,Associates degree,Installation Maintenance & Repair,$37500 - $49999,1~3,4~8,1~3,1~3,less1
14026,Male,31,Married partner,Bachelors degree,Management,$87500 - $99999,1~3,4~8,1~3,gt8,gt8
16650,Male,26,Unmarried partner,Some college - no degree,Transportation & Material Moving,$12500 - $24999,1~3,4~8,1~3,4~8,less1
15586,Male,36,Married partner,Graduate degree (Masters or Doctorate),Transportation & Material Moving,$87500 - $99999,less1,less1,less1,1~3,less1
14375,Male,21,Unmarried partner,Some college - no degree,Student,Less than $12500,less1,1~3,4~8,4~8,never
22463,Male,41,Divorced,High School Graduate,Sales & Related,$12500 - $24999,never,less1,less1,1~3,4~8
11450,Female,46,Single,Some college - no degree,Sales & Related,$25000 - $37499,never,never,1~3,less1,less1
11257,Male,26,Single,Graduate degree (Masters or Doctorate),Sales & Related,$12500 - $24999,less1,4~8,4~8,1~3,never
15053,Male,21,Single,Bachelors degree,Computer & Mathematical,$12500 - $24999,less1,1~3,gt8,gt8,1~3
17440,Female,50plus,Married partner,Bachelors degree,Sales & Related,$50000 - $62499,4~8,4~8,1~3,1~3,less1
10968,Female,36,Married partner,Graduate degree (Masters or Doctorate),Healthcare Practitioners & Technical,$87500 - $99999,less1,less1,1~3,4~8,less1
20526,Female,50plus,Married partner,Bachelors degree,Unemployed,$87500 - $99999,never,4~8,1~3,4~8,1~3
22006,Male,21,Single,Some college - no degree,Student,Less than $12500,4~8,1~3,4~8,1~3,less1
15029,Male,21,Single,Bachelors degree,Computer & Mathematical,$12500 - $24999,less1,1~3,gt8,gt8,1~3
14824,Female,31,Single,Bachelors degree,Community & Social Services,$50000 - $62499,4~8,1~3,1~3,1~3,less1
10886,Female,21,Single,Bachelors degree,Office & Administrative Support,$37500 - $49999,1~3,less1,4~8,1~3,less1
19865,Male,36,Single,Some college - no degree,Office & Administrative Support,$25000 - $37499,less1,never,less1,less1,less1
20359,Male,21,Single,Some college - no degree,Personal Care & Service,$25000 - $37499,1~3,4~8,less1,never,never
16461,Male,26,Single,Associates degree,Unemployed,Less than $12500,less1,less1,1~3,less1,less1
21646,Male,21,Single,Some college - no degree,Student,Less than $12500,less1,less1,less1,1~3,1~3
11191,Male,26,Married partner,Bachelors degree,Computer & Mathematical,$100000 or More,1~3,gt8,4~8,gt8,4~8
15093,Male,21,Single,High School Graduate,Unemployed,$25000 - $37499,less1,1~3,4~8,1~3,less1
19303,Male,below21,Single,High School Graduate,Student,$87500 - $99999,never,less1,1~3,4~8,4~8
22643,Male,31,Married partner,Bachelors degree,Business & Financial,$100000 or More,less1,never,4~8,gt8,less1
19854,Female,50plus,Married partner,Bachelors degree,Sales & Related,$50000 - $62499,1~3,4~8,less1,1~3,less1
12160,Female,36,Married partner,Graduate degree (Masters or Doctorate),Business & Financial,$100000 or More,never,4~8,1~3,4~8,1~3
10819,Male,46,Married partner,Some college - no degree,Computer & Mathematical,$62500 - $74999,never,1~3,4~8,1~3,1~3
22544,Male,21,Unmarried partner,High School Graduate,Food Preparation & Serving Related,$12500 - $24999,1~3,never,gt8,4~8,1~3
18884,Male,26,Single,Graduate degree (Masters or Doctorate),Healthcare Support,$37500 - $49999,4~8,1~3,4~8,1~3,less1
15855,Female,26,Married partner,Graduate degree (Masters or Doctorate),Community & Social Services,$50000 - $62499,less1,less1,less1,gt8,less1
20532,Female,50plus,Married partner,High School Graduate,Retired,$75000 - $87499,never,never,4~8,less1,1~3
19183,Male,21,Single,Bachelors degree,Legal,$87500 - $99999,1~3,never,less1,less1,less1
20603,Female,31,Divorced,Some college - no degree,Food Preparation & Serving Related,$12500 - $24999,less1,less1,4~8,gt8,gt8
10995,Female,31,Married partner,Bachelors degree,Arts Design Entertainment Sports & Media,$25000 - $37499,never,never,1~3,never,never
16565,Female,41,Married partner,Bachelors degree,Office & Administrative Support,$62500 - $74999,4~8,1~3,4~8,gt8,less1
15107,Female,21,Single,Some college - no degree,Student,$50000 - $62499,never,never,never,gt8,less1
21644,Male,21,Single,Some college - no degree,Student,Less than $12500,less1,less1,less1,1~3,1~3
17334,Male,36,Unmarried partner,Some college - no degree,Building & Grounds Cleaning & Maintenance,$25000 - $37499,1~3,less1,1~3,1~3,less1
17618,Female,36,Unmarried partner,Some college - no degree,Computer & Mathematical,$12500 - $24999,never,1~3,less1,1~3,4~8
17180,Male,46,Single,Graduate degree (Masters or Doctorate),Computer & Mathematical,$37500 - $49999,never,gt8,1~3,4~8,less1
17528,Female,36,Single,Some college - no degree,Healthcare Practitioners & Technical,$12500 - $24999,never,less1,gt8,4~8,less1
16163,Male,46,Married partner,Graduate degree (Masters or Doctorate),Retired,$50000 - $62499,never,never,less1,4~8,1~3
18771,Female,50plus,Single,Graduate degree (Masters or Doctorate),Education&Training&Library,$87500 - $99999,1~3,1~3,less1,1~3,less1
10687,Male,36,Married partner,Some college - no degree,Management,$50000 - $62499,less1,1~3,4~8,1~3,1~3
12275,Female,41,Single,Some college - no degree,Office & Administrative Support,$25000 - $37499,less1,less1,less1,less1,never
19832,Female,21,Single,Associates degree,Sales & Related,$25000 - $37499,4~8,1~3,4~8,1~3,less1
17250,Male,50plus,Married partner,Graduate degree (Masters or Doctorate),Healthcare Practitioners & Technical,$100000 or More,1~3,1~3,gt8,4~8,less1
14184,Male,26,Single,Associates degree,Unemployed,Less than $12500,less1,never,1~3,less1,less1
20382,Male,41,Married partner,Bachelors degree,Arts Design Entertainment Sports & Media,$37500 - $49999,,less1,1~3,4~8,1~3
22638,Female,26,Married partner,Bachelors degree,Arts Design Entertainment Sports & Media,$50000 - $62499,never,never,less1,less1,less1
14537,Female,46,Married partner,Some college - no degree,Personal Care & Service,$37500 - $49999,never,less1,less1,1~3,less1
15534,Female,50plus,Single,High School Graduate,Management,$37500 - $49999,less1,less1,less1,less1,1~3
14646,Female,50plus,Divorced,Graduate degree (Masters or Doctorate),Sales & Related,$37500 - $49999,less1,1~3,4~8,1~3,less1
12765,Female,50plus,Married partner,Bachelors degree,Education&Training&Library,$50000 - $62499,never,never,less1,less1,less1
15398,Female,26,Unmarried partner,Bachelors degree,Education&Training&Library,$50000 - $62499,1~3,1~3,1~3,1~3,1~3
18368,Female,50plus,Married partner,Bachelors degree,Education&Training&Library,$12500 - $24999,less1,4~8,4~8,gt8,less1
17690,Male,50plus,Married partner,Graduate degree (Masters or Doctorate),Retired,$50000 - $62499,less1,less1,less1,1~3,1~3
18263,Female,36,Married partner,Associates degree,Healthcare Practitioners & Technical,$75000 - $87499,less1,never,4~8,1~3,less1
17743,Male,21,Unmarried partner,Some college - no degree,Sales & Related,$50000 - $62499,less1,never,1~3,4~8,1~3
18614,Female,50plus,Married partner,Associates degree,Office & Administrative Support,$75000 - $87499,1~3,4~8,,4~8,4~8
14617,Male,21,Single,Bachelors degree,Student,$25000 - $37499,4~8,4~8,4~8,1~3,never
14766,Male,50plus,Married partner,Associates degree,Unemployed,$37500 - $49999,less1,less1,less1,4~8,less1
11516,Female,31,Unmarried partner,Bachelors degree,Legal,$100000 or More,never,less1,less1,1~3,1~3
13947,Male,26,Married partner,Bachelors degree,Computer & Mathematical,$25000 - $37499,less1,1~3,1~3,1~3,1~3
14414,Female,36,Married partner,Bachelors degree,Computer & Mathematical,$50000 - $62499,less1,never,4~8,4~8,never
10757,Female,50plus,Married partner,Some college - no degree,Healthcare Support,$25000 - $37499,1~3,1~3,4~8,4~8,1~3
16797,Female,21,Married partner,Associates degree,Unemployed,$50000 - $62499,never,1~3,1~3,1~3,less1
10236,Female,21,Unmarried partner,Bachelors degree,Management,$87500 - $99999,1~3,1~3,1~3,1~3,1~3
21925,Female,below21,Single,Some college - no degree,Student,$100000 or More,never,less1,1~3,1~3,1~3
16389,Male,31,Single,High School Graduate,Unemployed,$12500 - $24999,never,never,1~3,1~3,1~3
20221,Female,31,Married partner,Some college - no degree,Computer & Mathematical,$100000 or More,less1,less1,gt8,4~8,less1
11034,Male,50plus,Unmarried partner,Bachelors degree,Retired,$100000 or More,never,never,1~3,gt8,never
13698,Female,26,Unmarried partner,High School Graduate,Business & Financial,$12500 - $24999,never,1~3,less1,1~3,never
13684,Male,26,Married partner,Bachelors degree,Life Physical Social Science,$37500 - $49999,less1,1~3,1~3,1~3,less1
11141,Female,36,Married partner,Bachelors degree,Unemployed,$87500 - $99999,less1,1~3,1~3,less1,less1
18014,Male,21,Single,Bachelors degree,Unemployed,$50000 - $62499,less1,1~3,1~3,less1,less1
10204,Male,21,Single,Some college - no degree,Sales & Related,$100000 or More,less1,never,gt8,1~3,less1
22581,Male,21,Single,Some college - no degree,Student,$12500 - $24999,never,never,1~3,1~3,less1
18424,Male,26,Single,Bachelors degree,Food Preparation & Serving Related,$50000 - $62499,4~8,1~3,4~8,1~3,4~8
12646,Male,46,Married partner,Bachelors degree,Management,$100000 or More,4~8,never,4~8,4~8,1~3
21193,Male,26,Single,Bachelors degree,Student,$12500 - $24999,less1,gt8,gt8,gt8,less1
12701,Female,41,Married partner,Bachelors degree,Education&Training&Library,$100000 or More,less1,1~3,1~3,4~8,less1
11961,Male,41,Married partner,Graduate degree (Masters or Doctorate),Education&Training&Library,$50000 - $62499,less1,4~8,4~8,1~3,less1
12583,Male,50plus,Single,Some college - no degree,Office & Administrative Support,$12500 - $24999,1~3,1~3,less1,1~3,less1
19909,Male,21,Unmarried partner,Some college - no degree,Student,$12500 - $24999,never,less1,gt8,4~8,1~3
18309,Male,26,Married partner,Graduate degree (Masters or Doctorate),Architecture & Engineering,$100000 or More,1~3,1~3,1~3,4~8,4~8
17337,Male,36,Unmarried partner,Some college - no degree,Building & Grounds Cleaning & Maintenance,$25000 - $37499,1~3,less1,1~3,1~3,less1
12237,Female,26,Married partner,Associates degree,Management,$12500 - $24999,never,less1,gt8,4~8,never
12720,Male,21,Single,Bachelors degree,Computer & Mathematical,$87500 - $99999,1~3,1~3,1~3,4~8,1~3
14751,Female,50plus,Single,Bachelors degree,Retired,$37500 - $49999,never,never,less1,4~8,less1
14179,Male,26,Single,Associates degree,Unemployed,Less than $12500,less1,never,1~3,less1,less1
16716,Female,31,Married partner,Associates degree,Unemployed,$37500 - $49999,never,1~3,1~3,1~3,1~3
19232,Male,50plus,Married partner,Some college - no degree,Office & Administrative Support,$62500 - $74999,1~3,never,1~3,1~3,less1
22558,Female,26,Married partner,Bachelors degree,Office & Administrative Support,$50000 - $62499,never,less1,1~3,1~3,never
21806,Male,36,Married partner,Associates degree,Computer & Mathematical,$100000 or More,never,less1,4~8,1~3,less1
21518,Female,below21,Single,Bachelors degree,Student,$12500 - $24999,gt8,1~3,less1,4~8,gt8
11264,Male,50plus,Widowed,Some college - no degree,Construction & Extraction,Less than $12500,never,never,less1,1~3,less1
21107,Male,21,Single,Some college - no degree,Computer & Mathematical,Less than $12500,never,4~8,4~8,4~8,never
21138,Male,50plus,Single,Bachelors degree,Management,$100000 or More,1~3,4~8,4~8,1~3,less1
12090,Female,36,Divorced,Graduate degree (Masters or Doctorate),Student,$12500 - $24999,never,gt8,gt8,gt8,1~3
17366,Male,26,Married partner,Bachelors degree,Education&Training&Library,$37500 - $49999,never,,1~3,1~3,less1
15475,Male,26,Single,Bachelors degree,Sales & Related,$75000 - $87499,never,never,1~3,1~3,1~3
21714,Female,21,Single,Bachelors degree,Arts Design Entertainment Sports & Media,$75000 - $87499,gt8,less1,gt8,4~8,never
15909,Female,21,Married partner,Some college - no degree,Unemployed,$87500 - $99999,less1,1~3,1~3,4~8,4~8
15872,Female,26,Married partner,Graduate degree (Masters or Doctorate),Community & Social Services,$50000 - $62499,less1,less1,less1,gt8,less1
19086,Female,26,Married partner,Bachelors degree,Computer & Mathematical,$100000 or More,1~3,1~3,4~8,4~8,less1
22351,Female,31,Single,Bachelors degree,Education&Training&Library,$25000 - $37499,less1,4~8,less1,4~8,1~3
20009,Female,36,Divorced,Bachelors degree,Sales & Related,$12500 - $24999,never,less1,1~3,less1,never
17677,Male,36,Single,Some college - no degree,Construction & Extraction,$50000 - $62499,never,never,1~3,less1,less1
19513,Male,31,Unmarried partner,Bachelors degree,Sales & Related,$12500 - $24999,never,less1,1~3,1~3,never
20821,Female,26,Married partner,Graduate degree (Masters or Doctorate),Student,$87500 - $99999,never,4~8,less1,4~8,less1
22260,Male,50plus,Married partner,Some college - no degree,Business & Financial,$100000 or More,less1,1~3,4~8,1~3,1~3
12822,Female,50plus,Married partner,Bachelors degree,Life Physical Social Science,$50000 - $62499,less1,never,4~8,less1,less1
22429,Male,31,Married partner,Some college - no degree,Protective Service,$100000 or More,1~3,less1,4~8,1~3,4~8
18738,Female,41,Married partner,Graduate degree (Masters or Doctorate),Business & Financial,$87500 - $99999,less1,1~3,4~8,1~3,less1
13873,Female,26,Married partner,Bachelors degree,Healthcare Practitioners & Technical,$100000 or More,never,1~3,1~3,4~8,less1
18050,Male,31,Single,Some college - no degree,Unemployed,$12500 - $24999,1~3,less1,4~8,less1,never
10415,Male,50plus,Married partner,Bachelors degree,Personal Care & Service,$50000 - $62499,never,less1,less1,1~3,less1
20685,Male,26,Married partner,Bachelors degree,Management,$12500 - $24999,1~3,4~8,1~3,1~3,
11565,Female,21,Single,Bachelors degree,Arts Design Entertainment Sports & Media,$100000 or More,less1,less1,1~3,1~3,1~3
14029,Male,31,Married partner,Bachelors degree,Management,$87500 - $99999,1~3,4~8,1~3,gt8,gt8
14979,Male,21,Single,Bachelors degree,Sales & Related,$100000 or More,less1,4~8,1~3,4~8,1~3
16704,Male,21,Single,High School Graduate,Unemployed,Less than $12500,4~8,gt8,less1,1~3,never
19408,Female,50plus,Divorced,Some college - no degree,Unemployed,$37500 - $49999,never,never,4~8,1~3,less1
15682,Male,21,Single,High School Graduate,Student,$50000 - $62499,never,1~3,gt8,4~8,never
20259,Female,31,Married partner,Graduate degree (Masters or Doctorate),Student,$25000 - $37499,never,gt8,4~8,1~3,less1
15703,Female,26,Married partner,Graduate degree (Masters or Doctorate),Unemployed,$62500 - $74999,4~8,1~3,4~8,4~8,1~3
18571,Female,21,Married partner,Associates degree,Unemployed,$50000 - $62499,never,1~3,1~3,1~3,1~3
18772,Female,50plus,Single,Graduate degree (Masters or Doctorate),Education&Training&Library,$87500 - $99999,1~3,1~3,less1,1~3,less1
13309,Male,21,Single,Some college - no degree,Student,$50000 - $62499,never,4~8,4~8,1~3,less1
14296,Male,21,Unmarried partner,Bachelors degree,Education&Training&Library,$12500 - $24999,1~3,4~8,4~8,4~8,never
14778,Male,50plus,Married partner,Associates degree,Unemployed,$37500 - $49999,less1,less1,less1,4~8,less1
18010,Male,26,Unmarried partner,Bachelors degree,Management,$25000 - $37499,1~3,never,4~8,never,1~3
14610,Male,36,Married partner,Graduate degree (Masters or Doctorate),Education&Training&Library,$100000 or More,never,never,1~3,1~3,less1
21670,Female,41,Married partner,Graduate degree (Masters or Doctorate),Management,$75000 - $87499,less1,1~3,4~8,1~3,never
14532,Female,46,Married partner,Some college - no degree,Personal Care & Service,$37500 - $49999,never,less1,less1,1~3,less1
17064,Male,26,Married partner,Associates degree,Building & Grounds Cleaning & Maintenance,$37500 - $49999,less1,less1,1~3,1~3,less1
10335,Female,21,Unmarried partner,Associates degree,Student,$75000 - $87499,never,less1,1~3,1~3,less1
10982,Female,36,Married partner,Graduate degree (Masters or Doctorate),Healthcare Practitioners & Technical,$87500 - $99999,less1,less1,1~3,4~8,less1
16669,Male,21,Single,Bachelors degree,Student,$37500 - $49999,less1,1~3,4~8,1~3,less1
20071,Female,50plus,Single,Some college - no degree,Unemployed,Less than $12500,never,1~3,less1,1~3,less1
22178,Male,26,Single,High School Graduate,Unemployed,$37500 - $49999,gt8,gt8,gt8,gt8,gt8
15816,Male,31,Married partner,Bachelors degree,Architecture & Engineering,$87500 - $99999,less1,less1,4~8,less1,less1
21562,Male,31,Married partner,Graduate degree (Masters or Doctorate),Healthcare Practitioners & Technical,$50000 - $62499,1~3,gt8,4~8,1~3,less1
20040,Male,26,Married partner,Graduate degree (Masters or Doctorate),Community & Social Services,$100000 or More,less1,gt8,4~8,gt8,1~3
21137,Male,50plus,Single,Bachelors degree,Management,$100000 or More,1~3,4~8,4~8,1~3,less1
10046,Male,46,Single,Some college - no degree,Student,$12500 - $24999,never,4~8,1~3,1~3,never
20201,Female,50plus,Widowed,Some college - no degree,Food Preparation & Serving Related,Less than $12500,never,never,1~3,4~8,less1
14326,Female,46,Single,Some college - no degree,Protective Service,$25000 - $37499,1~3,never,4~8,1~3,1~3
11401,Female,50plus,Widowed,High School Graduate,Retired,$12500 - $24999,never,less1,1~3,4~8,less1
19248,Male,26,Single,Graduate degree (Masters or Doctorate),Computer & Mathematical,$62500 - $74999,1~3,gt8,4~8,4~8,1~3
18202,Male,31,Single,Associates degree,Installation Maintenance & Repair,$37500 - $49999,1~3,4~8,1~3,1~3,less1
18366,Female,50plus,Married partner,Bachelors degree,Education&Training&Library,$12500 - $24999,less1,4~8,4~8,gt8,less1
14913,Female,31,Married partner,Some college - no degree,Arts Design Entertainment Sports & Media,$12500 - $24999,never,1~3,4~8,4~8,never
11327,Female,46,Single,Some college - no degree,Sales & Related,$37500 - $49999,never,less1,1~3,1~3,1~3
11723,Male,26,Married partner,Bachelors degree,Computer & Mathematical,$62500 - $74999,never,less1,less1,gt8,1~3
21984,Female,21,Married partner,Bachelors degree,Unemployed,$37500 - $49999,never,less1,1~3,1~3,less1
11180,Male,26,Married partner,Bachelors degree,Computer & Mathematical,$100000 or More,1~3,gt8,4~8,gt8,4~8
14670,Female,below21,Unmarried partner,Some college - no degree,Student,$25000 - $37499,never,1~3,1~3,4~8,1~3
13627,Male,21,Single,Bachelors degree,Student,$62500 - $74999,4~8,4~8,1~3,1~3,less1
17375,Male,below21,Unmarried partner,Some college - no degree,Student,$87500 - $99999,never,1~3,1~3,1~3,less1
22631,Female,21,Unmarried partner,Bachelors degree,Unemployed,$37500 - $49999,never,4~8,1~3,1~3,less1
18737,Female,41,Married partner,Graduate degree (Masters or Doctorate),Business & Financial,$87500 - $99999,less1,1~3,4~8,1~3,less1
10789,Female,46,Married partner,Some college - no degree,Sales & Related,$25000 - $37499,less1,less1,1~3,less1,never
11515,Female,31,Unmarried partner,Bachelors degree,Legal,$100000 or More,never,less1,less1,1~3,1~3
19024,Male,21,Single,Some college - no degree,Student,$12500 - $24999,1~3,less1,4~8,less1,never
12470,Female,21,Unmarried partner,Some college - no degree,Unemployed,$12500 - $24999,1~3,less1,1~3,1~3,less1
18483,Female,50plus,Single,Graduate degree (Masters or Doctorate),Business & Financial,$37500 - $49999,less1,gt8,1~3,1~3,1~3
15931,Female,21,Single,Some college - no degree,Student,Less than $12500,gt8,gt8,1~3,less1,never
15581,Male,36,Married partner,Graduate degree (Masters or Doctorate),Transportation & Material Moving,$87500 - $99999,less1,less1,less1,1~3,less1
13801,Male,21,Married partner,Some college - no degree,Education&Training&Library,$25000 - $37499,never,never,1~3,1~3,less1
12347,Female,31,Married partner,Some college - no degree,Education&Training&Library,$50000 - $62499,less1,1~3,4~8,4~8,less1
13534,Female,21,Unmarried partner,Graduate degree (Masters or Doctorate),Student,$25000 - $37499,less1,4~8,1~3,,less1
17092,Male,26,Single,Some college - no degree,Transportation & Material Moving,$62500 - $74999,4~8,less1,gt8,4~8,less1
14965,Male,21,Single,Bachelors degree,Sales & Related,$100000 or More,less1,4~8,1~3,4~8,1~3
14404,Female,21,Single,Bachelors degree,Life Physical Social Science,$37500 - $49999,less1,never,less1,1~3,never
18469,Female,50plus,Married partner,Some college - no degree,Personal Care & Service,$87500 - $99999,never,gt8,less1,1~3,less1
14379,Male,21,Unmarried partner,Some college - no degree,Student,Less than $12500,less1,1~3,4~8,4~8,never
15885,Male,31,Married partner,Graduate degree (Masters or Doctorate),Management,$87500 - $99999,never,never,4~8,gt8,4~8
21987,Female,21,Married partner,Bachelors degree,Unemployed,$37500 - $49999,never,less1,1~3,1~3,less1
21271,Male,31,Single,Some college - no degree,Transportation & Material Moving,$50000 - $62499,1~3,4~8,4~8,4~8,1~3
15514,Male,21,Unmarried partner,Some college - no degree,Education&Training&Library,$25000 - $37499,4~8,less1,1~3,less1,never
21046,Male,46,Single,Some college - no degree,Sales & Related,Less than $12500,1~3,1~3,4~8,4~8,4~8
13161,Male,41,Married partner,Graduate degree (Masters or Doctorate),Management,$62500 - $74999,1~3,1~3,1~3,4~8,less1
21267,Male,31,Single,Some college - no degree,Transportation & Material Moving,$50000 - $62499,1~3,4~8,4~8,4~8,1~3
17582,Male,26,Married partner,Bachelors degree,Computer & Mathematical,$50000 - $62499,less1,less1,1~3,less1,less1
19650,Male,21,Single,Bachelors degree,Student,$25000 - $37499,1~3,4~8,4~8,1~3,
16832,Male,26,Married partner,Bachelors degree,Management,$50000 - $62499,never,less1,less1,1~3,less1
10050,Male,46,Single,Some college - no degree,Student,$12500 - $24999,never,4~8,1~3,1~3,never
11974,Male,36,Married partner,Some college - no degree,Management,$75000 - $87499,1~3,1~3,1~3,4~8,less1
14113,Male,31,Married partner,Bachelors degree,Computer & Mathematical,$75000 - $87499,never,never,1~3,1~3,never
13703,Female,26,Unmarried partner,High School Graduate,Business & Financial,$12500 - $24999,never,1~3,less1,1~3,never
17030,Female,50plus,Divorced,Bachelors degree,Retired,Less than $12500,never,4~8,gt8,gt8,less1
13695,Female,26,Unmarried partner,High School Graduate,Business & Financial,$12500 - $24999,never,1~3,less1,1~3,never
22652,Male,31,Married partner,Bachelors degree,Business & Financial,$100000 or More,less1,never,4~8,gt8,less1
13001,Male,21,Unmarried partner,Some college - no degree,Protective Service,$25000 - $37499,gt8,4~8,gt8,4~8,less1
16593,Male,36,Married partner,Associates degree,Management,$87500 - $99999,never,,less1,less1,never
14055,Female,21,Married partner,Some college - no degree,Sales & Related,Less than $12500,never,never,4~8,4~8,less1
11189,Male,26,Married partner,Bachelors degree,Computer & Mathematical,$100000 or More,1~3,gt8,4~8,gt8,4~8
13677,Male,26,Married partner,Bachelors degree,Life Physical Social Science,$37500 - $49999,less1,1~3,1~3,1~3,less1
10973,Female,36,Married partner,Graduate degree (Masters or Doctorate),Healthcare Practitioners & Technical,$87500 - $99999,less1,less1,1~3,4~8,less1
16215,Female,41,Married partner,Some college - no degree,Arts Design Entertainment Sports & Media,$62500 - $74999,less1,less1,1~3,1~3,less1
10093,Male,21,Single,Associates degree,Student,$12500 - $24999,1~3,less1,1~3,less1,1~3
15013,Female,31,Married partner,Some college - no degree,Unemployed,$50000 - $62499,never,never,1~3,gt8,1~3
12672,Male,41,Divorced,Some college - no degree,Transportation & Material Moving,$50000 - $62499,less1,less1,1~3,1~3,1~3
21710,Female,50plus,Married partner,High School Graduate,Sales & Related,$37500 - $49999,never,gt8,4~8,1~3,less1
15935,Female,21,Single,Some college - no degree,Student,Less than $12500,gt8,gt8,1~3,less1,never
12250,Male,21,Single,Graduate degree (Masters or Doctorate),Computer & Mathematical,$50000 - $62499,never,never,1~3,less1,never
17730,Male,21,Unmarried partner,Some college - no degree,Sales & Related,$50000 - $62499,less1,never,1~3,4~8,1~3
14796,Male,21,Single,High School Graduate,Student,$37500 - $49999,less1,never,less1,less1,never
15323,Male,21,Unmarried partner,Bachelors degree,Business & Financial,$75000 - $87499,1~3,less1,4~8,1~3,1~3
11465,Male,46,Married partner,Graduate degree (Masters or Doctorate),Management,$87500 - $99999,less1,1~3,1~3,less1,1~3
20620,Male,21,Single,Bachelors degree,Protective Service,$25000 - $37499,never,never,gt8,less1,less1
22151,Female,21,Unmarried partner,Bachelors degree,Unemployed,$25000 - $37499,never,never,1~3,1~3,less1
17019,Female,50plus,Divorced,Bachelors degree,Retired,Less than $12500,never,4~8,gt8,gt8,less1
18472,Female,50plus,Married partner,Some college - no degree,Personal Care & Service,$87500 - $99999,never,gt8,less1,1~3,less1
17795,Male,36,Married partner,Associates degree,Management,$100000 or More,1~3,1~3,1~3,1~3,1~3
11064,Female,31,Unmarried partner,Some college - no degree,Office & Administrative Support,$75000 - $87499,less1,1~3,gt8,4~8,1~3
18163,Female,46,Unmarried partner,Graduate degree (Masters or Doctorate),Unemployed,$100000 or More,never,less1,less1,1~3,less1
15801,Female,31,Unmarried partner,Bachelors degree,Management,$25000 - $37499,4~8,less1,1~3,4~8,1~3
15016,Female,31,Married partner,Some college - no degree,Unemployed,$50000 - $62499,never,never,1~3,gt8,1~3
22282,Male,26,Single,Some High School,Unemployed,Less than $12500,1~3,gt8,4~8,4~8,4~8
21919,Female,below21,Single,Some college - no degree,Student,$100000 or More,never,less1,1~3,1~3,1~3
12473,Female,21,Unmarried partner,Some college - no degree,Unemployed,$12500 - $24999,1~3,less1,1~3,1~3,less1
14223,Male,26,Single,Graduate degree (Masters or Doctorate),Management,$25000 - $37499,4~8,gt8,gt8,4~8,less1
16071,Female,50plus,Single,Graduate degree (Masters or Doctorate),Unemployed,Less than $12500,never,gt8,1~3,less1,less1
13567,Male,21,Single,Bachelors degree,Arts Design Entertainment Sports & Media,$50000 - $62499,gt8,1~3,,4~8,less1
20328,Female,21,Married partner,Associates degree,Unemployed,$50000 - $62499,never,1~3,1~3,1~3,1~3
15997,Female,50plus,Divorced,Graduate degree (Masters or Doctorate),Retired,$37500 - $49999,never,never,4~8,1~3,never
10447,Male,26,Single,Bachelors degree,Computer & Mathematical,$50000 - $62499,never,1~3,1~3,less1,less1
16465,Male,26,Single,Associates degree,Unemployed,Less than $12500,less1,less1,1~3,less1,less1
13762,Female,41,Married partner,Bachelors degree,Management,$62500 - $74999,1~3,4~8,4~8,4~8,1~3
19489,Male,36,Married partner,Bachelors degree,Computer & Mathematical,$100000 or More,less1,never,1~3,less1,less1
13265,Female,21,Married partner,Some college - no degree,Unemployed,$25000 - $37499,never,less1,1~3,less1,less1
14939,Female,21,Unmarried partner,Associates degree,Food Preparation & Serving Related,$12500 - $24999,never,never,less1,1~3,never
11849,Male,41,Single,High School Graduate,Installation Maintenance & Repair,$12500 - $24999,less1,1~3,1~3,less1,never
10143,Female,26,Married partner,Some college - no degree,Unemployed,$62500 - $74999,never,less1,gt8,4~8,never
16502,Male,36,Unmarried partner,Bachelors degree,Retired,$37500 - $49999,1~3,4~8,4~8,1~3,1~3
10016,Female,21,Unmarried partner,Some college - no degree,Unemployed,$37500 - $49999,never,never,,4~8,1~3
18837,Female,31,Married partner,Some college - no degree,Arts Design Entertainment Sports & Media,$100000 or More,less1,less1,gt8,4~8,less1
17949,Female,31,Unmarried partner,Bachelors degree,Computer & Mathematical,$62500 - $74999,never,4~8,4~8,gt8,4~8
13514,Female,21,Unmarried partner,Graduate degree (Masters or Doctorate),Student,$25000 - $37499,less1,4~8,1~3,,less1
22674,Male,26,Single,Bachelors degree,Sales & Related,$75000 - $87499,never,never,1~3,4~8,1~3
11545,Female,21,Single,Bachelors degree,Arts Design Entertainment Sports & Media,$100000 or More,less1,less1,1~3,1~3,1~3
16657,Male,26,Unmarried partner,Some college - no degree,Transportation & Material Moving,$12500 - $24999,1~3,4~8,1~3,4~8,less1
17197,Female,50plus,Married partner,Some college - no degree,Arts Design Entertainment Sports & Media,$37500 - $49999,never,1~3,never,1~3,less1
11282,Male,50plus,Unmarried partner,Associates degree,Retired,$50000 - $62499,never,4~8,4~8,1~3,less1
15858,Female,26,Married partner,Graduate degree (Masters or Doctorate),Community & Social Services,$50000 - $62499,less1,less1,less1,gt8,less1
17932,Female,26,Single,Some college - no degree,Healthcare Support,$37500 - $49999,never,less1,1~3,gt8,gt8
11290,Male,50plus,Unmarried partner,Associates degree,Retired,$50000 - $62499,never,4~8,4~8,1~3,less1
11789,Male,36,Unmarried partner,Some college - no degree,Unemployed,$87500 - $99999,1~3,less1,4~8,1~3,less1
17207,Female,50plus,Married partner,Some college - no degree,Arts Design Entertainment Sports & Media,$37500 - $49999,never,1~3,never,1~3,less1
20361,Female,26,Unmarried partner,Graduate degree (Masters or Doctorate),Computer & Mathematical,$62500 - $74999,1~3,less1,1~3,4~8,1~3
11017,Female,50plus,Divorced,Graduate degree (Masters or Doctorate),Retired,$12500 - $24999,1~3,4~8,4~8,4~8,less1
10056,Male,46,Single,Some college - no degree,Student,$12500 - $24999,never,4~8,1~3,1~3,never
21621,Male,41,Married partner,Some college - no degree,Business & Financial,$100000 or More,less1,less1,1~3,1~3,less1
12130,Female,21,Single,Some college - no degree,Life Physical Social Science,Less than $12500,less1,1~3,4~8,gt8,less1
18758,Female,41,Married partner,Graduate degree (Masters or Doctorate),Business & Financial,$87500 - $99999,less1,1~3,4~8,1~3,less1
15196,Female,50plus,Unmarried partner,Some college - no degree,Management,$37500 - $49999,never,never,4~8,1~3,less1
20156,Male,31,Married partner,Bachelors degree,Architecture & Engineering,$75000 - $87499,less1,never,1~3,1~3,1~3
18885,Male,26,Single,Graduate degree (Masters or Doctorate),Healthcare Support,$37500 - $49999,4~8,1~3,4~8,1~3,less1
16785,Female,21,Married partner,Associates degree,Unemployed,$50000 - $62499,never,1~3,1~3,1~3,less1
18103,Female,41,Married partner,Associates degree,Education&Training&Library,$62500 - $74999,never,less1,less1,less1,less1
17466,Female,31,Unmarried partner,Graduate degree (Masters or Doctorate),Life Physical Social Science,$50000 - $62499,never,never,less1,less1,never
17017,Female,31,Married partner,Graduate degree (Masters or Doctorate),Education&Training&Library,$12500 - $24999,never,1~3,less1,1~3,1~3
20715,Female,41,Single,Bachelors degree,Healthcare Support,$75000 - $87499,less1,less1,1~3,1~3,less1
21342,Female,50plus,Single,Bachelors degree,Food Preparation & Serving Related,$12500 - $24999,never,1~3,4~8,less1,less1
19314,Female,46,Divorced,Bachelors degree,Office & Administrative Support,$25000 - $37499,never,1~3,1~3,1~3,1~3
22228,Female,21,Married partner,Some college - no degree,Healthcare Support,$12500 - $24999,less1,1~3,1~3,1~3,less1
16906,Female,21,Unmarried partner,Bachelors degree,Sales & Related,$25000 - $37499,1~3,4~8,4~8,1~3,1~3
10206,Male,21,Single,Some college - no degree,Sales & Related,$100000 or More,less1,never,gt8,1~3,less1
10338,Female,21,Unmarried partner,Associates degree,Student,$75000 - $87499,never,less1,1~3,1~3,less1
21443,Male,31,Married partner,Bachelors degree,Sales & Related,$75000 - $87499,1~3,1~3,4~8,4~8,4~8
18734,Female,31,Married partner,Some college - no degree,Arts Design Entertainment Sports & Media,$100000 or More,less1,less1,gt8,4~8,less1
12400,Female,50plus,Married partner,Some college - no degree,Transportation & Material Moving,$75000 - $87499,never,never,4~8,gt8,less1
20670,Female,26,Married partner,Some college - no degree,Unemployed,$25000 - $37499,never,never,1~3,less1,never
16795,Female,21,Married partner,Associates degree,Unemployed,$50000 - $62499,never,1~3,1~3,1~3,less1
18862,Male,26,Married partner,Bachelors degree,Computer & Mathematical,$50000 - $62499,never,1~3,1~3,1~3,1~3
15971,Male,36,Married partner,Graduate degree (Masters or Doctorate),Sales & Related,$100000 or More,1~3,less1,1~3,4~8,1~3
19258,Male,26,Single,Graduate degree (Masters or Doctorate),Computer & Mathematical,$62500 - $74999,1~3,gt8,4~8,4~8,1~3
14837,Female,21,Single,Some college - no degree,Sales & Related,$12500 - $24999,never,1~3,4~8,1~3,never
19269,Male,26,Single,Graduate degree (Masters or Doctorate),Computer & Mathematical,$62500 - $74999,1~3,gt8,4~8,4~8,1~3
17990,Male,36,Married partner,Bachelors degree,Business & Financial,$75000 - $87499,less1,less1,4~8,1~3,1~3
12309,Male,50plus,Married partner,Some college - no degree,Computer & Mathematical,$50000 - $62499,never,gt8,never,4~8,less1
12811,Male,below21,Single,Some college - no degree,Student,$50000 - $62499,never,1~3,4~8,4~8,less1
10544,Male,50plus,Married partner,Graduate degree (Masters or Doctorate),Sales & Related,$100000 or More,1~3,1~3,4~8,4~8,less1
12009,Female,50plus,Married partner,Associates degree,Legal,$100000 or More,less1,never,gt8,4~8,1~3
13116,Male,50plus,Unmarried partner,Some college - no degree,Installation Maintenance & Repair,$12500 - $24999,4~8,less1,1~3,1~3,less1
19443,Male,36,Single,Some college - no degree,Business & Financial,$37500 - $49999,never,less1,gt8,gt8,never
22170,Female,31,Single,Associates degree,Arts Design Entertainment Sports & Media,$75000 - $87499,,less1,gt8,1~3,less1
22208,Female,26,Unmarried partner,Some college - no degree,Computer & Mathematical,$50000 - $62499,4~8,gt8,1~3,1~3,1~3
10556,Female,46,Single,Bachelors degree,Arts Design Entertainment Sports & Media,$37500 - $49999,never,less1,less1,less1,never
13416,Female,46,Married partner,Some college - no degree,Arts Design Entertainment Sports & Media,$25000 - $37499,less1,4~8,1~3,1~3,less1
18076,Male,21,Single,Bachelors degree,Management,$25000 - $37499,4~8,never,4~8,gt8,1~3
19675,Male,21,Single,Some college - no degree,Student,$62500 - $74999,never,never,4~8,1~3,1~3
16794,Female,21,Married partner,Associates degree,Unemployed,$50000 - $62499,never,1~3,1~3,1~3,less1
21303,Male,36,Unmarried partner,Bachelors degree,Education&Training&Library,$62500 - $74999,4~8,1~3,gt8,gt8,1~3
12196,Male,21,Single,Bachelors degree,Sales & Related,$12500 - $24999,1~3,less1,1~3,1~3,less1
17758,Male,21,Unmarried partner,Bachelors degree,Business & Financial,$62500 - $74999,4~8,1~3,4~8,1~3,less1
18040,Male,31,Single,Some college - no degree,Unemployed,$12500 - $24999,1~3,less1,4~8,less1,never
21349,Male,31,Single,Associates degree,Unemployed,Less than $12500,less1,less1,less1,1~3,less1
17384,Male,below21,Unmarried partner,Some college - no degree,Student,$87500 - $99999,never,1~3,1~3,1~3,less1
21837,Female,50plus,Widowed,Associates degree,Healthcare Support,$12500 - $24999,less1,less1,4~8,1~3,less1
12507,Male,21,Single,Some college - no degree,Student,$100000 or More,less1,less1,1~3,less1,never
14130,Female,26,Married partner,Bachelors degree,Protective Service,$100000 or More,never,gt8,4~8,gt8,1~3
10023,Male,21,Single,Bachelors degree,Architecture & Engineering,$62500 - $74999,never,less1,4~8,4~8,less1
17790,Male,26,Single,High School Graduate,Unemployed,$37500 - $49999,gt8,gt8,gt8,gt8,gt8
17987,Male,36,Married partner,Bachelors degree,Business & Financial,$75000 - $87499,less1,less1,4~8,1~3,1~3
11199,Female,31,Married partner,Some college - no degree,Sales & Related,$12500 - $24999,1~3,,4~8,4~8,
20759,Female,31,Unmarried partner,Graduate degree (Masters or Doctorate),Computer & Mathematical,$50000 - $62499,less1,1~3,less1,1~3,less1
13797,Female,26,Single,Some college - no degree,Food Preparation & Serving Related,$25000 - $37499,1~3,1~3,1~3,1~3,less1
22496,Female,26,Unmarried partner,Some college - no degree,Office & Administrative Support,$50000 - $62499,1~3,never,4~8,4~8,less1
12703,Female,41,Married partner,Bachelors degree,Education&Training&Library,$100000 or More,less1,1~3,1~3,4~8,less1
21366,Female,21,Married partner,Associates degree,Unemployed,$50000 - $62499,never,1~3,1~3,1~3,1~3
14124,Male,31,Married partner,Bachelors degree,Computer & Mathematical,$75000 - $87499,never,never,1~3,1~3,never
11587,Male,31,Single,High School Graduate,Computer & Mathematical,$25000 - $37499,less1,never,1~3,less1,never
10536,Male,50plus,Married partner,Graduate degree (Masters or Doctorate),Sales & Related,$100000 or More,1~3,1~3,4~8,4~8,less1
10164,Male,26,Single,Some college - no degree,Healthcare Support,$37500 - $49999,gt8,gt8,gt8,gt8,gt8
16814,Male,26,Unmarried partner,Some college - no degree,Unemployed,$12500 - $24999,never,less1,1~3,4~8,less1
16360,Female,21,Married partner,Some college - no degree,Unemployed,$50000 - $62499,less1,4~8,4~8,4~8,4~8
11769,Male,21,Unmarried partner,Some college - no degree,Student,$12500 - $24999,4~8,1~3,4~8,4~8,1~3
11060,Female,31,Unmarried partner,Some college - no degree,Office & Administrative Support,$75000 - $87499,less1,1~3,gt8,4~8,1~3
17123,Male,31,Married partner,Graduate degree (Masters or Doctorate),Education&Training&Library,$62500 - $74999,less1,less1,4~8,4~8,less1
11981,Male,36,Married partner,Some college - no degree,Management,$75000 - $87499,1~3,1~3,1~3,4~8,less1
11247,Male,26,Single,Graduate degree (Masters or Doctorate),Sales & Related,$12500 - $24999,less1,4~8,4~8,1~3,never
10650,Female,41,Single,Some college - no degree,Office & Administrative Support,$25000 - $37499,less1,1~3,1~3,1~3,never
22530,Male,21,Unmarried partner,High School Graduate,Food Preparation & Serving Related,$12500 - $24999,1~3,never,gt8,4~8,1~3
12416,Female,21,Single,Bachelors degree,Arts Design Entertainment Sports & Media,$12500 - $24999,4~8,4~8,4~8,4~8,less1
19292,Male,below21,Single,High School Graduate,Student,$87500 - $99999,never,less1,1~3,4~8,4~8
21048,Male,46,Single,Some college - no degree,Sales & Related,Less than $12500,1~3,1~3,4~8,4~8,4~8
14779,Male,50plus,Married partner,Associates degree,Unemployed,$37500 - $49999,less1,less1,less1,4~8,less1
20652,Male,21,Unmarried partner,Some college - no degree,Student,Less than $12500,less1,1~3,4~8,4~8,1~3
15677,Male,21,Single,High School Graduate,Student,$50000 - $62499,never,1~3,gt8,4~8,never
10132,Female,26,Married partner,Some college - no degree,Unemployed,$62500 - $74999,never,less1,gt8,4~8,never
10918,Female,31,Unmarried partner,Associates degree,Education&Training&Library,$50000 - $62499,never,never,4~8,,never
21181,Female,below21,Unmarried partner,Some college - no degree,Education&Training&Library,$37500 - $49999,never,gt8,gt8,gt8,less1
18452,Female,50plus,Married partner,Some college - no degree,Personal Care & Service,$87500 - $99999,never,gt8,less1,1~3,less1
16245,Male,41,Divorced,Associates degree,Arts Design Entertainment Sports & Media,$12500 - $24999,4~8,4~8,1~3,1~3,less1
14248,Male,21,Single,Bachelors degree,Student,$100000 or More,1~3,4~8,1~3,4~8,1~3
15220,Male,31,Married partner,Graduate degree (Masters or Doctorate),Education&Training&Library,$25000 - $37499,never,1~3,4~8,4~8,less1
14087,Male,21,Unmarried partner,Bachelors degree,Student,Less than $12500,1~3,less1,4~8,1~3,less1
18883,Male,26,Single,Graduate degree (Masters or Doctorate),Healthcare Support,$37500 - $49999,4~8,1~3,4~8,1~3,less1
16957,Female,31,Married partner,Some college - no degree,Computer & Mathematical,$100000 or More,less1,less1,gt8,4~8,less1
18664,Male,41,Single,Some college - no degree,Arts Design Entertainment Sports & Media,$12500 - $24999,never,never,1~3,1~3,never
13591,Male,41,Married partner,Graduate degree (Masters or Doctorate),Management,$100000 or More,less1,4~8,gt8,gt8,1~3
19009,Male,below21,Single,Some college - no degree,Food Preparation & Serving Related,$87500 - $99999,less1,gt8,1~3,1~3,less1
16146,Male,46,Married partner,Graduate degree (Masters or Doctorate),Retired,$50000 - $62499,never,never,less1,4~8,1~3
16902,Female,21,Unmarried partner,Bachelors degree,Sales & Related,$25000 - $37499,1~3,4~8,4~8,1~3,1~3
18188,Female,46,Married partner,Bachelors degree,Construction & Extraction,$12500 - $24999,1~3,4~8,4~8,1~3,less1
18977,Female,21,Unmarried partner,Some college - no degree,Food Preparation & Serving Related,Less than $12500,never,1~3,4~8,,4~8
19331,Female,46,Divorced,Bachelors degree,Office & Administrative Support,$25000 - $37499,never,1~3,1~3,1~3,1~3
16323,Female,31,Married partner,Graduate degree (Masters or Doctorate),Computer & Mathematical,$62500 - $74999,less1,4~8,4~8,1~3,never
19034,Male,21,Single,Some college - no degree,Student,$12500 - $24999,1~3,less1,4~8,less1,never
17040,Female,50plus,Divorced,Bachelors degree,Retired,Less than $12500,never,4~8,gt8,gt8,less1
13629,Male,21,Single,Bachelors degree,Student,$62500 - $74999,4~8,4~8,1~3,1~3,less1
19262,Male,26,Single,Graduate degree (Masters or Doctorate),Computer & Mathematical,$62500 - $74999,1~3,gt8,4~8,4~8,1~3
17236,Male,36,Unmarried partner,Associates degree,Unemployed,$25000 - $37499,never,never,1~3,less1,never
12649,Female,26,Married partner,Bachelors degree,Architecture & Engineering,$37500 - $49999,never,1~3,1~3,1~3,less1
15724,Male,21,Single,Some college - no degree,Student,$100000 or More,less1,1~3,1~3,1~3,less1
13582,Male,41,Married partner,Graduate degree (Masters or Doctorate),Management,$100000 or More,less1,4~8,gt8,gt8,1~3
22396,Female,36,Married partner,Bachelors degree,Education&Training&Library,$37500 - $49999,less1,,1~3,1~3,1~3
16080,Female,50plus,Single,Graduate degree (Masters or Doctorate),Unemployed,Less than $12500,never,gt8,1~3,less1,less1
14352,Female,below21,Single,High School Graduate,Unemployed,Less than $12500,never,never,4~8,4~8,never
21963,Male,50plus,Married partner,Graduate degree (Masters or Doctorate),Education&Training&Library,$25000 - $37499,less1,1~3,1~3,1~3,less1
12521,Male,50plus,Married partner,Associates degree,Management,$12500 - $24999,4~8,4~8,4~8,gt8,gt8
11627,Female,26,Single,Bachelors degree,Healthcare Practitioners & Technical,$37500 - $49999,1~3,1~3,gt8,gt8,gt8
22118,Female,36,Married partner,Bachelors degree,Unemployed,$25000 - $37499,less1,1~3,4~8,4~8,4~8
17888,Male,26,Married partner,Bachelors degree,Computer & Mathematical,$37500 - $49999,1~3,gt8,4~8,4~8,less1
18529,Female,21,Married partner,Some college - no degree,Student,$12500 - $24999,1~3,1~3,4~8,4~8,never
10919,Female,31,Unmarried partner,Associates degree,Education&Training&Library,$50000 - $62499,never,never,4~8,,never
15340,Female,26,Unmarried partner,Some college - no degree,Student,$25000 - $37499,never,less1,1~3,1~3,less1
22352,Female,31,Single,Bachelors degree,Education&Training&Library,$25000 - $37499,less1,4~8,less1,4~8,1~3
21581,Male,36,Unmarried partner,Some college - no degree,Construction & Extraction,$25000 - $37499,never,4~8,4~8,less1,less1
10524,Male,50plus,Married partner,Graduate degree (Masters or Doctorate),Sales & Related,$100000 or More,1~3,1~3,4~8,4~8,less1
14165,Female,50plus,Married partner,Some college - no degree,Unemployed,$25000 - $37499,never,never,1~3,4~8,never
18308,Male,26,Married partner,Graduate degree (Masters or Doctorate),Architecture & Engineering,$100000 or More,1~3,1~3,1~3,4~8,4~8
17348,Male,36,Unmarried partner,Some college - no degree,Building & Grounds Cleaning & Maintenance,$25000 - $37499,1~3,less1,1~3,1~3,less1
20529,Female,50plus,Married partner,Bachelors degree,Unemployed,$87500 - $99999,never,4~8,1~3,4~8,1~3
21417,Male,31,Married partner,Some college - no degree,Sales & Related,$50000 - $62499,1~3,1~3,gt8,4~8,1~3
11111,Female,41,Married partner,Associates degree,Unemployed,$75000 - $87499,never,less1,4~8,1~3,less1
13497,Female,41,Divorced,Some college - no degree,Protective Service,$25000 - $37499,less1,less1,4~8,1~3,less1
11528,Female,36,Married partner,Some college - no degree,Construction & Extraction,$12500 - $24999,never,1~3,1~3,less1,less1
10656,Male,31,Married partner,Some college - no degree,Construction & Extraction,$100000 or More,1~3,never,4~8,1~3,1~3
17671,Male,36,Single,Some college - no degree,Construction & Extraction,$50000 - $62499,never,never,1~3,less1,less1
14722,Male,below21,Single,Some college - no degree,Student,$87500 - $99999,never,4~8,,4~8,less1
21495,Female,41,Married partner,Some college - no degree,Arts Design Entertainment Sports & Media,$87500 - $99999,1~3,1~3,4~8,4~8,1~3
11963,Male,36,Married partner,Some college - no degree,Management,$75000 - $87499,1~3,1~3,1~3,4~8,less1
10755,Female,50plus,Married partner,Some college - no degree,Healthcare Support,$25000 - $37499,1~3,1~3,4~8,4~8,1~3
19157,Male,below21,Single,Some college - no degree,Student,$25000 - $37499,never,never,less1,never,
12338,Female,31,Married partner,Some college - no degree,Education&Training&Library,$50000 - $62499,less1,1~3,4~8,4~8,less1
12596,Male,50plus,Single,Some college - no degree,Office & Administrative Support,$12500 - $24999,1~3,1~3,less1,1~3,less1
14942,Male,31,Single,High School Graduate,Production Occupations,$25000 - $37499,1~3,never,4~8,1~3,less1
17408,Male,46,Married partner,Graduate degree (Masters or Doctorate),Management,$87500 - $99999,less1,1~3,1~3,less1,1~3
15284,Male,46,Unmarried partner,Some college - no degree,Transportation & Material Moving,$12500 - $24999,never,less1,1~3,less1,less1
12114,Female,26,Single,Bachelors degree,Unemployed,Less than $12500,4~8,1~3,gt8,4~8,1~3
22171,Female,31,Single,Associates degree,Arts Design Entertainment Sports & Media,$75000 - $87499,,less1,gt8,1~3,less1
15096,Male,21,Single,High School Graduate,Unemployed,$25000 - $37499,less1,1~3,4~8,1~3,less1
11699,Female,26,Married partner,Some college - no degree,Unemployed,$50000 - $62499,never,less1,1~3,1~3,never
17822,Male,21,Single,Bachelors degree,Unemployed,$100000 or More,less1,4~8,1~3,less1,less1
22460,Male,41,Divorced,High School Graduate,Sales & Related,$12500 - $24999,never,less1,less1,1~3,4~8
19688,Male,41,Married partner,Some college - no degree,Production Occupations,$25000 - $37499,less1,never,gt8,1~3,1~3
20567,Male,26,Single,Some High School,Installation Maintenance & Repair,$12500 - $24999,4~8,1~3,1~3,4~8,4~8
19757,Female,50plus,Married partner,Bachelors degree,Education&Training&Library,$100000 or More,never,less1,4~8,1~3,1~3
17586,Male,26,Married partner,Bachelors degree,Computer & Mathematical,$50000 - $62499,less1,less1,1~3,less1,less1
18696,Male,31,Married partner,Graduate degree (Masters or Doctorate),Business & Financial,$75000 - $87499,1~3,4~8,less1,4~8,less1
14765,Male,50plus,Married partner,Associates degree,Unemployed,$37500 - $49999,less1,less1,less1,4~8,less1
17083,Male,26,Married partner,Associates degree,Building & Grounds Cleaning & Maintenance,$37500 - $49999,less1,less1,1~3,1~3,less1
10436,Male,26,Single,Bachelors degree,Computer & Mathematical,$50000 - $62499,never,1~3,1~3,less1,less1
17749,Male,21,Unmarried partner,Some college - no degree,Sales & Related,$50000 - $62499,less1,never,1~3,4~8,1~3
13683,Male,26,Married partner,Bachelors degree,Life Physical Social Science,$37500 - $49999,less1,1~3,1~3,1~3,less1
14953,Male,31,Single,High School Graduate,Production Occupations,$25000 - $37499,1~3,never,4~8,1~3,less1
19186,Male,21,Single,Bachelors degree,Legal,$87500 - $99999,1~3,never,less1,less1,less1
10805,Female,46,Married partner,Some college - no degree,Sales & Related,$25000 - $37499,less1,less1,1~3,less1,never
20880,Male,41,Single,Bachelors degree,Business & Financial,$62500 - $74999,1~3,4~8,1~3,4~8,4~8
21794,Female,41,Married partner,Associates degree,Unemployed,$62500 - $74999,less1,less1,less1,less1,less1
11776,Male,21,Unmarried partner,Some college - no degree,Student,$12500 - $24999,4~8,1~3,4~8,4~8,1~3
20269,Female,31,Married partner,Graduate degree (Masters or Doctorate),Student,$25000 - $37499,never,gt8,4~8,1~3,less1
11323,Female,21,Unmarried partner,High School Graduate,Student,$37500 - $49999,never,1~3,1~3,4~8,never
11055,Male,50plus,Unmarried partner,Bachelors degree,Retired,$100000 or More,never,never,1~3,gt8,never
14587,Female,26,Unmarried partner,Graduate degree (Masters or Doctorate),Education&Training&Library,$37500 - $49999,never,1~3,1~3,1~3,less1
10397,Female,21,Single,Bachelors degree,Student,$100000 or More,1~3,never,1~3,1~3,4~8
18911,Male,26,Unmarried partner,Associates degree,Management,$12500 - $24999,less1,less1,4~8,1~3,less1
21152,Female,41,Married partner,Graduate degree (Masters or Doctorate),Computer & Mathematical,$75000 - $87499,less1,4~8,gt8,1~3,less1
20770,Female,31,Unmarried partner,Graduate degree (Masters or Doctorate),Computer & Mathematical,$50000 - $62499,less1,1~3,less1,1~3,less1
10038,Male,21,Single,Bachelors degree,Architecture & Engineering,$62500 - $74999,never,less1,4~8,4~8,less1
21348,Male,31,Single,Associates degree,Unemployed,Less than $12500,less1,less1,less1,1~3,less1
19695,Male,41,Married partner,Some college - no degree,Production Occupations,$25000 - $37499,less1,never,gt8,1~3,1~3
12997,Male,21,Unmarried partner,Some college - no degree,Protective Service,$25000 - $37499,gt8,4~8,gt8,4~8,less1
17693,Male,50plus,Married partner,Graduate degree (Masters or Doctorate),Retired,$50000 - $62499,less1,less1,less1,1~3,1~3
18584,Female,21,Unmarried partner,Bachelors degree,Education&Training&Library,$25000 - $37499,1~3,1~3,less1,1~3,never
16302,Female,31,Married partner,Graduate degree (Masters or Doctorate),Computer & Mathematical,$62500 - $74999,less1,4~8,4~8,1~3,never
14750,Female,50plus,Single,Bachelors degree,Retired,$37500 - $49999,never,never,less1,4~8,less1
15693,Male,21,Single,High School Graduate,Student,$50000 - $62499,never,1~3,gt8,4~8,never
17451,Female,50plus,Married partner,Bachelors degree,Sales & Related,$50000 - $62499,4~8,4~8,1~3,1~3,less1
12131,Female,21,Single,Some college - no degree,Life Physical Social Science,Less than $12500,less1,1~3,4~8,gt8,less1
19139,Male,below21,Single,Some college - no degree,Student,$25000 - $37499,never,never,less1,never,
12162,Male,21,Single,Bachelors degree,Student,$100000 or More,4~8,gt8,4~8,gt8,1~3
17784,Male,26,Single,High School Graduate,Unemployed,$37500 - $49999,gt8,gt8,gt8,gt8,gt8
10598,Male,26,Single,Bachelors degree,Office & Administrative Support,$50000 - $62499,4~8,never,4~8,1~3,less1
12292,Female,41,Single,Some college - no degree,Office & Administrative Support,$25000 - $37499,less1,less1,less1,less1,never
14736,Male,below21,Single,Some college - no degree,Student,$87500 - $99999,never,4~8,,4~8,less1
14862,Male,below21,Single,Some college - no degree,Student,$62500 - $74999,never,1~3,4~8,1~3,less1
22041,Male,21,Single,Bachelors degree,Legal,$87500 - $99999,1~3,less1,less1,less1,less1
15933,Female,21,Single,Some college - no degree,Student,Less than $12500,gt8,gt8,1~3,less1,never
21652,Male,21,Single,Some college - no degree,Student,Less than $12500,less1,less1,less1,1~3,1~3
13999,Female,50plus,Married partner,Graduate degree (Masters or Doctorate),Education&Training&Library,$100000 or More,4~8,gt8,4~8,4~8,4~8
22353,Female,31,Single,Bachelors degree,Education&Training&Library,$25000 - $37499,less1,4~8,less1,4~8,1~3
13193,Female,26,Married partner,High School Graduate,Arts Design Entertainment Sports & Media,$75000 - $87499,gt8,never,1~3,less1,less1
17974,Male,36,Married partner,Bachelors degree,Business & Financial,$75000 - $87499,less1,less1,4~8,1~3,1~3
13454,Female,below21,Single,Some college - no degree,Student,$100000 or More,never,1~3,4~8,4~8,1~3
11508,Female,31,Unmarried partner,Bachelors degree,Legal,$100000 or More,never,less1,less1,1~3,1~3
16183,Female,21,Unmarried partner,Some college - no degree,Sales & Related,$25000 - $37499,never,less1,less1,less1,never
12879,Female,36,Married partner,Bachelors degree,Education&Training&Library,$50000 - $62499,,1~3,4~8,1~3,1~3
18451,Female,50plus,Married partner,Some college - no degree,Personal Care & Service,$87500 - $99999,never,gt8,less1,1~3,less1
21225,Male,below21,Unmarried partner,Some college - no degree,Student,$25000 - $37499,never,never,1~3,less1,never
11402,Female,50plus,Widowed,High School Graduate,Retired,$12500 - $24999,never,less1,1~3,4~8,less1
12642,Male,46,Married partner,Bachelors degree,Management,$100000 or More,4~8,never,4~8,4~8,1~3
16105,Male,21,Unmarried partner,Some college - no degree,Food Preparation & Serving Related,$12500 - $24999,1~3,less1,1~3,1~3,never
13564,Male,21,Single,Bachelors degree,Arts Design Entertainment Sports & Media,$50000 - $62499,gt8,1~3,,4~8,less1
15669,Female,31,Single,Bachelors degree,Production Occupations,$37500 - $49999,less1,less1,4~8,,less1
14545,Female,31,Married partner,Some college - no degree,Office & Administrative Support,$37500 - $49999,1~3,1~3,4~8,1~3,less1
16788,Female,21,Married partner,Associates degree,Unemployed,$50000 - $62499,never,1~3,1~3,1~3,less1
15270,Male,50plus,Married partner,Graduate degree (Masters or Doctorate),Retired,$62500 - $74999,never,4~8,1~3,4~8,less1
20242,Female,below21,Unmarried partner,High School Graduate,Student,Less than $12500,never,4~8,1~3,4~8,less1
13543,Female,21,Single,Some college - no degree,Student,Less than $12500,gt8,4~8,4~8,4~8,1~3
13030,Male,21,Single,Some college - no degree,Student,$12500 - $24999,less1,never,less1,less1,less1
18311,Male,26,Married partner,Graduate degree (Masters or Doctorate),Architecture & Engineering,$100000 or More,1~3,1~3,1~3,4~8,4~8
22089,Female,21,Unmarried partner,Some college - no degree,Office & Administrative Support,$25000 - $37499,never,never,1~3,never,never
15058,Male,21,Single,Bachelors degree,Computer & Mathematical,$12500 - $24999,less1,1~3,gt8,gt8,1~3
21886,Female,21,Married partner,Some college - no degree,Sales & Related,$25000 - $37499,less1,1~3,4~8,1~3,never
20257,Female,31,Married partner,Graduate degree (Masters or Doctorate),Student,$25000 - $37499,never,gt8,4~8,1~3,less1
11255,Male,26,Single,Graduate degree (Masters or Doctorate),Sales & Related,$12500 - $24999,less1,4~8,4~8,1~3,never
21920,Female,below21,Single,Some college - no degree,Student,$100000 or More,never,less1,1~3,1~3,1~3
12586,Male,50plus,Single,Some college - no degree,Office & Administrative Support,$12500 - $24999,1~3,1~3,less1,1~3,less1
17918,Male,26,Married partner,Bachelors degree,Education&Training&Library,$50000 - $62499,never,less1,1~3,1~3,1~3
18321,Female,41,Married partner,Graduate degree (Masters or Doctorate),Computer & Mathematical,$75000 - $87499,less1,4~8,gt8,1~3,less1
16558,Female,50plus,Divorced,Graduate degree (Masters or Doctorate),Community & Social Services,$25000 - $37499,never,1~3,less1,4~8,less1
15209,Female,50plus,Unmarried partner,Some college - no degree,Management,$37500 - $49999,never,never,4~8,1~3,less1
19763,Female,50plus,Married partner,Bachelors degree,Education&Training&Library,$100000 or More,never,less1,4~8,1~3,1~3
11857,Male,21,Single,Bachelors degree,Architecture & Engineering,$50000 - $62499,1~3,never,less1,4~8,never
21112,Male,21,Single,Some college - no degree,Computer & Mathematical,Less than $12500,never,4~8,4~8,4~8,never
16005,Female,26,Single,Bachelors degree,Unemployed,Less than $12500,4~8,1~3,gt8,4~8,1~3
15063,Male,36,Married partner,Some college - no degree,Healthcare Practitioners & Technical,$25000 - $37499,never,gt8,4~8,less1,less1
12697,Female,41,Married partner,Bachelors degree,Education&Training&Library,$100000 or More,less1,1~3,1~3,4~8,less1
13496,Female,41,Divorced,Some college - no degree,Protective Service,$25000 - $37499,less1,less1,4~8,1~3,less1
15713,Female,26,Married partner,Graduate degree (Masters or Doctorate),Unemployed,$62500 - $74999,4~8,1~3,4~8,4~8,1~3
15731,Male,21,Single,Some college - no degree,Student,$100000 or More,less1,1~3,1~3,1~3,less1
18834,Female,31,Married partner,Some college - no degree,Arts Design Entertainment Sports & Media,$100000 or More,less1,less1,gt8,4~8,less1
10389,Female,21,Single,Bachelors degree,Student,$100000 or More,1~3,never,1~3,1~3,4~8
12177,Male,21,Single,Bachelors degree,Student,$100000 or More,4~8,gt8,4~8,gt8,1~3
20107,Female,36,Married partner,Graduate degree (Masters or Doctorate),Healthcare Practitioners & Technical,$87500 - $99999,1~3,4~8,4~8,4~8,1~3
17678,Male,36,Single,Some college - no degree,Construction & Extraction,$50000 - $62499,never,never,1~3,less1,less1
13422,Female,46,Married partner,Some college - no degree,Arts Design Entertainment Sports & Media,$25000 - $37499,less1,4~8,1~3,1~3,less1
20832,Male,21,Single,Some college - no degree,Sales & Related,$37500 - $49999,1~3,gt8,4~8,1~3,less1
15405,Female,26,Unmarried partner,Bachelors degree,Education&Training&Library,$50000 - $62499,1~3,1~3,1~3,1~3,1~3
20263,Female,31,Married partner,Graduate degree (Masters or Doctorate),Student,$25000 - $37499,never,gt8,4~8,1~3,less1
11801,Male,36,Unmarried partner,Some college - no degree,Unemployed,$87500 - $99999,1~3,less1,4~8,1~3,less1
19834,Female,50plus,Married partner,Bachelors degree,Sales & Related,$50000 - $62499,1~3,4~8,less1,1~3,less1
20927,Male,31,Married partner,Bachelors degree,Computer & Mathematical,$75000 - $87499,1~3,never,less1,less1,less1
13268,Female,21,Married partner,Some college - no degree,Unemployed,$25000 - $37499,never,less1,1~3,less1,less1
21466,Female,41,Married partner,Some college - no degree,Education&Training&Library,$100000 or More,never,gt8,gt8,gt8,4~8
11977,Male,36,Married partner,Some college - no degree,Management,$75000 - $87499,1~3,1~3,1~3,4~8,less1
21053,Male,46,Single,Some college - no degree,Sales & Related,Less than $12500,1~3,1~3,4~8,4~8,4~8
18183,Female,46,Married partner,Bachelors degree,Construction & Extraction,$12500 - $24999,1~3,4~8,4~8,1~3,less1
21202,Male,26,Single,Bachelors degree,Student,$12500 - $24999,less1,gt8,gt8,gt8,less1
16979,Male,36,Married partner,Bachelors degree,Computer & Mathematical,$50000 - $62499,1~3,never,1~3,4~8,never
15140,Male,21,Single,Bachelors degree,Student,$50000 - $62499,less1,never,4~8,less1,never
10977,Female,36,Married partner,Graduate degree (Masters or Doctorate),Healthcare Practitioners & Technical,$87500 - $99999,less1,less1,1~3,4~8,less1
21213,Male,below21,Unmarried partner,Some college - no degree,Student,$25000 - $37499,never,never,1~3,less1,never
15299,Male,46,Unmarried partner,Some college - no degree,Transportation & Material Moving,$12500 - $24999,never,less1,1~3,less1,less1
22382,Male,26,Single,Bachelors degree,Unemployed,$12500 - $24999,1~3,less1,4~8,1~3,less1
11435,Female,46,Single,Some college - no degree,Sales & Related,$25000 - $37499,never,never,1~3,less1,less1
22224,Female,21,Married partner,Some college - no degree,Healthcare Support,$12500 - $24999,less1,1~3,1~3,1~3,less1
11620,Female,26,Single,Bachelors degree,Healthcare Practitioners & Technical,$37500 - $49999,1~3,1~3,gt8,gt8,gt8
22302,Female,50plus,Widowed,High School Graduate,Retired,$12500 - $24999,never,never,4~8,1~3,
22072,Female,46,Married partner,Bachelors degree,Business & Financial,$100000 or More,never,4~8,4~8,1~3,
10146,Female,26,Married partner,Some college - no degree,Unemployed,$62500 - $74999,never,less1,gt8,4~8,never
12427,Female,21,Single,Bachelors degree,Arts Design Entertainment Sports & Media,$12500 - $24999,4~8,4~8,4~8,4~8,less1
15733,Male,21,Single,Some college - no degree,Student,$100000 or More,less1,1~3,1~3,1~3,less1
22169,Female,31,Single,Associates degree,Arts Design Entertainment Sports & Media,$75000 - $87499,,less1,gt8,1~3,less1
15200,Female,50plus,Unmarried partner,Some college - no degree,Management,$37500 - $49999,never,never,4~8,1~3,less1
15245,Female,26,Unmarried partner,Graduate degree (Masters or Doctorate),Legal,$37500 - $49999,less1,less1,1~3,less1,never
16638,Male,26,Single,Bachelors degree,Business & Financial,$100000 or More,4~8,1~3,1~3,1~3,less1
17541,Female,36,Single,Some college - no degree,Healthcare Practitioners & Technical,$12500 - $24999,never,less1,gt8,4~8,less1
13224,Female,41,Married partner,Bachelors degree,Business & Financial,$100000 or More,1~3,less1,less1,1~3,1~3
11985,Male,21,Married partner,Bachelors degree,Management,$50000 - $62499,never,never,4~8,4~8,1~3
14719,Female,21,Unmarried partner,Bachelors degree,Student,$50000 - $62499,less1,never,1~3,4~8,1~3
22509,Male,26,Single,Some college - no degree,Sales & Related,Less than $12500,never,never,never,1~3,never
20248,Female,below21,Unmarried partner,High School Graduate,Student,Less than $12500,never,4~8,1~3,4~8,less1
17759,Male,21,Unmarried partner,Bachelors degree,Business & Financial,$62500 - $74999,4~8,1~3,4~8,1~3,less1
20973,Male,21,Single,Some college - no degree,Student,$100000 or More,less1,1~3,1~3,less1,less1
20656,Male,21,Unmarried partner,Some college - no degree,Student,Less than $12500,less1,1~3,4~8,4~8,1~3
12651,Female,26,Married partner,Bachelors degree,Architecture & Engineering,$37500 - $49999,never,1~3,1~3,1~3,less1
11903,Male,31,Single,Bachelors degree,Unemployed,Less than $12500,less1,1~3,gt8,1~3,never
20175,Male,36,Married partner,Associates degree,Computer & Mathematical,$100000 or More,never,less1,4~8,1~3,less1
15464,Male,26,Single,Bachelors degree,Sales & Related,$75000 - $87499,never,never,1~3,1~3,1~3
19477,Male,31,Married partner,High School Graduate,Computer & Mathematical,$87500 - $99999,never,1~3,less1,4~8,less1
16047,Female,26,Unmarried partner,Some college - no degree,Management,$37500 - $49999,less1,less1,less1,1~3,less1
13751,Female,26,Unmarried partner,Some college - no degree,Food Preparation & Serving Related,$25000 - $37499,less1,less1,1~3,less1,1~3
11784,Male,21,Unmarried partner,Some college - no degree,Student,$12500 - $24999,4~8,1~3,4~8,4~8,1~3
16294,Female,31,Married partner,Some college - no degree,Computer & Mathematical,$100000 or More,less1,less1,gt8,4~8,1~3
18024,Male,21,Single,Bachelors degree,Unemployed,$50000 - $62499,less1,1~3,1~3,less1,less1
18485,Female,50plus,Single,Graduate degree (Masters or Doctorate),Business & Financial,$37500 - $49999,less1,gt8,1~3,1~3,1~3
22501,Female,26,Unmarried partner,Some college - no degree,Office & Administrative Support,$50000 - $62499,1~3,never,4~8,4~8,less1
16865,Female,46,Married partner,Some High School,Unemployed,$12500 - $24999,never,never,less1,less1,never
21132,Male,50plus,Single,Bachelors degree,Management,$100000 or More,1~3,4~8,4~8,1~3,less1
20600,Female,31,Divorced,Some college - no degree,Food Preparation & Serving Related,$12500 - $24999,less1,less1,4~8,gt8,gt8
11679,Male,46,Single,Bachelors degree,Management,$100000 or More,never,less1,4~8,1~3,never
15188,Female,50plus,Single,Graduate degree (Masters or Doctorate),Education&Training&Library,$12500 - $24999,never,never,4~8,4~8,less1
15155,Male,36,Married partner,Bachelors degree,Arts Design Entertainment Sports & Media,$100000 or More,less1,1~3,4~8,1~3,1~3
19917,Male,21,Unmarried partner,Some college - no degree,Student,$12500 - $24999,never,less1,gt8,4~8,1~3
18692,Male,26,Single,Bachelors degree,Business & Financial,$100000 or More,4~8,1~3,less1,1~3,less1
15903,Female,21,Married partner,Some college - no degree,Unemployed,$87500 - $99999,less1,1~3,1~3,4~8,4~8
12376,Female,21,Single,Some college - no degree,Management,$25000 - $37499,4~8,less1,gt8,1~3,1~3
10815,Male,46,Married partner,Some college - no degree,Computer & Mathematical,$62500 - $74999,never,1~3,4~8,1~3,1~3
16898,Female,21,Unmarried partner,Bachelors degree,Sales & Related,$25000 - $37499,1~3,4~8,4~8,1~3,1~3
11209,Female,31,Married partner,Some college - no degree,Sales & Related,$12500 - $24999,1~3,,4~8,4~8,
10562,Female,46,Single,Bachelors degree,Arts Design Entertainment Sports & Media,$37500 - $49999,never,less1,less1,less1,never
20852,Male,41,Single,Bachelors degree,Business & Financial,$62500 - $74999,1~3,4~8,1~3,4~8,4~8
11296,Male,50plus,Unmarried partner,Associates degree,Retired,$50000 - $62499,never,4~8,4~8,1~3,less1
11028,Female,50plus,Divorced,Graduate degree (Masters or Doctorate),Retired,$12500 - $24999,1~3,4~8,4~8,4~8,less1
14488,Female,26,Single,Bachelors degree,Unemployed,$25000 - $37499,never,less1,1~3,4~8,never
15555,Female,41,Married partner,Bachelors degree,Education&Training&Library,$25000 - $37499,never,1~3,1~3,1~3,1~3
10611,Female,21,Married partner,Some college - no degree,Student,$25000 - $37499,never,gt8,1~3,gt8,1~3
16554,Female,50plus,Divorced,Graduate degree (Masters or Doctorate),Community & Social Services,$25000 - $37499,never,1~3,less1,4~8,less1
13739,Female,26,Unmarried partner,Some college - no degree,Food Preparation & Serving Related,$25000 - $37499,less1,less1,1~3,less1,1~3
10891,Female,21,Single,Bachelors degree,Office & Administrative Support,$37500 - $49999,1~3,less1,4~8,1~3,less1
13292,Female,31,Married partner,Some college - no degree,Computer & Mathematical,$100000 or More,less1,less1,1~3,gt8,less1
14481,Female,26,Single,Bachelors degree,Unemployed,$25000 - $37499,never,less1,1~3,4~8,never
18639,Female,26,Married partner,Bachelors degree,Unemployed,$87500 - $99999,1~3,less1,,less1,less1
11827,Female,50plus,Married partner,Bachelors degree,Retired,$50000 - $62499,never,less1,4~8,1~3,less1
11114,Female,41,Married partner,Associates degree,Unemployed,$75000 - $87499,never,less1,4~8,1~3,less1
20831,Male,21,Single,Some college - no degree,Sales & Related,$37500 - $49999,1~3,gt8,4~8,1~3,less1
18948,Female,31,Married partner,Associates degree,Student,$87500 - $99999,never,4~8,4~8,less1,less1
10548,Female,46,Single,Bachelors degree,Arts Design Entertainment Sports & Media,$37500 - $49999,never,less1,less1,less1,never
21418,Male,31,Married partner,Some college - no degree,Sales & Related,$50000 - $62499,1~3,1~3,gt8,4~8,1~3
11208,Female,31,Married partner,Some college - no degree,Sales & Related,$12500 - $24999,1~3,,4~8,4~8,
10889,Female,21,Single,Bachelors degree,Office & Administrative Support,$37500 - $49999,1~3,less1,4~8,1~3,less1
16295,Female,31,Married partner,Some college - no degree,Computer & Mathematical,$100000 or More,less1,less1,gt8,4~8,1~3
14417,Female,36,Married partner,Bachelors degree,Computer & Mathematical,$50000 - $62499,less1,never,4~8,4~8,never
21450,Male,31,Married partner,Bachelors degree,Sales & Related,$75000 - $87499,1~3,1~3,4~8,4~8,4~8
18287,Male,21,Single,Associates degree,Computer & Mathematical,$37500 - $49999,never,less1,1~3,less1,less1
12883,Female,36,Married partner,Bachelors degree,Education&Training&Library,$50000 - $62499,,1~3,4~8,1~3,1~3
15210,Female,50plus,Unmarried partner,Some college - no degree,Management,$37500 - $49999,never,never,4~8,1~3,less1
12124,Female,21,Single,Some college - no degree,Life Physical Social Science,Less than $12500,less1,1~3,4~8,gt8,less1
12991,Male,21,Unmarried partner,Some college - no degree,Protective Service,$25000 - $37499,gt8,4~8,gt8,4~8,less1
22200,Female,26,Unmarried partner,Some college - no degree,Computer & Mathematical,$50000 - $62499,4~8,gt8,1~3,1~3,1~3
19212,Male,26,Single,Bachelors degree,Sales & Related,$75000 - $87499,never,never,4~8,4~8,less1
20401,Male,41,Married partner,Bachelors degree,Arts Design Entertainment Sports & Media,$37500 - $49999,,less1,1~3,4~8,1~3
16103,Male,21,Unmarried partner,Some college - no degree,Food Preparation & Serving Related,$12500 - $24999,1~3,less1,1~3,1~3,never
19482,Male,31,Married partner,High School Graduate,Computer & Mathematical,$87500 - $99999,never,1~3,less1,4~8,less1
11371,Male,41,Married partner,Some college - no degree,Computer & Mathematical,$50000 - $62499,1~3,less1,1~3,1~3,less1
11949,Male,41,Married partner,Graduate degree (Masters or Doctorate),Education&Training&Library,$50000 - $62499,less1,4~8,4~8,1~3,less1
11058,Female,31,Unmarried partner,Some college - no degree,Office & Administrative Support,$75000 - $87499,less1,1~3,gt8,4~8,1~3
14935,Female,21,Unmarried partner,Associates degree,Food Preparation & Serving Related,$12500 - $24999,never,never,less1,1~3,never
22579,Male,21,Single,Some college - no degree,Student,$12500 - $24999,never,never,1~3,1~3,less1
11535,Female,36,Married partner,Some college - no degree,Construction & Extraction,$12500 - $24999,never,1~3,1~3,less1,less1
22122,Female,36,Married partner,Bachelors degree,Unemployed,$25000 - $37499,less1,1~3,4~8,4~8,4~8
15770,Female,41,Single,Associates degree,Sales & Related,$25000 - $37499,less1,less1,4~8,4~8,1~3
21533,Male,below21,Single,Some college - no degree,Student,Less than $12500,never,gt8,gt8,gt8,less1
20665,Female,26,Married partner,Some college - no degree,Unemployed,$25000 - $37499,never,never,1~3,less1,never
19485,Male,31,Married partner,High School Graduate,Computer & Mathematical,$87500 - $99999,never,1~3,less1,4~8,less1
13991,Male,36,Single,Bachelors degree,Business & Financial,$100000 or More,less1,1~3,gt8,gt8,1~3
18963,Female,21,Unmarried partner,Some college - no degree,Food Preparation & Serving Related,Less than $12500,never,1~3,4~8,,4~8
13932,Male,26,Married partner,Bachelors degree,Computer & Mathematical,$25000 - $37499,less1,1~3,1~3,1~3,1~3
14088,Male,21,Unmarried partner,Bachelors degree,Student,Less than $12500,1~3,less1,4~8,1~3,less1
20719,Female,41,Single,Bachelors degree,Healthcare Support,$75000 - $87499,less1,less1,1~3,1~3,less1
11730,Male,26,Married partner,Bachelors degree,Computer & Mathematical,$62500 - $74999,never,less1,less1,gt8,1~3
14669,Female,below21,Unmarried partner,Some college - no degree,Student,$25000 - $37499,never,1~3,1~3,4~8,1~3
18586,Female,21,Unmarried partner,Bachelors degree,Education&Training&Library,$25000 - $37499,1~3,1~3,less1,1~3,never
22413,Female,36,Married partner,Bachelors degree,Education&Training&Library,$37500 - $49999,less1,,1~3,1~3,1~3
20720,Female,41,Single,Bachelors degree,Healthcare Support,$75000 - $87499,less1,less1,1~3,1~3,less1
10162,Male,26,Single,Some college - no degree,Healthcare Support,$37500 - $49999,gt8,gt8,gt8,gt8,gt8
12182,Male,21,Single,Bachelors degree,Student,$100000 or More,4~8,gt8,4~8,gt8,1~3
19806,Male,46,Married partner,Some college - no degree,Unemployed,$12500 - $24999,never,less1,4~8,1~3,less1
11164,Female,31,Married partner,Some college - no degree,Computer & Mathematical,$100000 or More,less1,less1,gt8,4~8,less1
11752,Female,26,Single,Bachelors degree,Education&Training&Library,$25000 - $37499,never,1~3,less1,1~3,less1
12082,Female,36,Divorced,Graduate degree (Masters or Doctorate),Student,$12500 - $24999,never,gt8,gt8,gt8,1~3
19891,Female,36,Divorced,Associates degree,Computer & Mathematical,$12500 - $24999,less1,4~8,1~3,less1,less1
15588,Male,below21,Single,Some college - no degree,Student,Less than $12500,never,less1,gt8,1~3,never
16298,Female,31,Married partner,Some college - no degree,Computer & Mathematical,$100000 or More,less1,less1,gt8,4~8,1~3
16223,Female,41,Married partner,Some college - no degree,Arts Design Entertainment Sports & Media,$62500 - $74999,less1,less1,1~3,1~3,less1
21800,Female,41,Married partner,Associates degree,Unemployed,$62500 - $74999,less1,less1,less1,less1,less1
17405,Male,46,Married partner,Graduate degree (Masters or Doctorate),Management,$87500 - $99999,less1,1~3,1~3,less1,1~3
10228,Female,21,Unmarried partner,Bachelors degree,Management,$87500 - $99999,1~3,1~3,1~3,1~3,1~3
10635,Female,41,Single,Some college - no degree,Office & Administrative Support,$25000 - $37499,less1,1~3,1~3,1~3,never
16752,Male,21,Single,Some college - no degree,Unemployed,$75000 - $87499,1~3,4~8,less1,less1,never
14273,Female,26,Single,Bachelors degree,Education&Training&Library,$50000 - $62499,1~3,never,4~8,1~3,less1
15483,Female,41,Single,Some college - no degree,Business & Financial,$12500 - $24999,never,less1,less1,less1,never
13040,Male,21,Single,Some college - no degree,Student,$12500 - $24999,less1,never,less1,less1,less1
16569,Female,41,Married partner,Bachelors degree,Office & Administrative Support,$62500 - $74999,4~8,1~3,4~8,gt8,less1
14822,Female,31,Single,Bachelors degree,Community & Social Services,$50000 - $62499,4~8,1~3,1~3,1~3,less1
17592,Male,26,Married partner,Bachelors degree,Computer & Mathematical,$50000 - $62499,less1,less1,1~3,less1,less1
13311,Male,21,Single,Some college - no degree,Student,$50000 - $62499,never,4~8,4~8,1~3,less1
15955,Female,21,Married partner,Some college - no degree,Unemployed,$37500 - $49999,less1,less1,1~3,1~3,1~3
11475,Male,46,Married partner,Graduate degree (Masters or Doctorate),Management,$87500 - $99999,less1,1~3,1~3,less1,1~3
14132,Female,26,Married partner,Bachelors degree,Protective Service,$100000 or More,never,gt8,4~8,gt8,1~3
21094,Male,50plus,Divorced,Some college - no degree,Production Occupations,$37500 - $49999,1~3,4~8,4~8,gt8,4~8
21047,Male,46,Single,Some college - no degree,Sales & Related,Less than $12500,1~3,1~3,4~8,4~8,4~8
10080,Male,46,Married partner,Bachelors degree,Education&Training&Library,$75000 - $87499,less1,1~3,1~3,1~3,less1
13837,Female,50plus,Married partner,Associates degree,Arts Design Entertainment Sports & Media,$25000 - $37499,never,never,less1,1~3,never
14789,Male,21,Single,High School Graduate,Student,$37500 - $49999,less1,never,less1,less1,never
16610,Male,36,Married partner,Bachelors degree,Sales & Related,$62500 - $74999,never,never,less1,1~3,1~3
22400,Female,36,Married partner,Bachelors degree,Education&Training&Library,$37500 - $49999,less1,,1~3,1~3,1~3
17852,Female,31,Married partner,Some college - no degree,Computer & Mathematical,$100000 or More,less1,less1,gt8,4~8,less1
21991,Female,21,Married partner,Bachelors degree,Unemployed,$37500 - $49999,never,less1,1~3,1~3,less1
11281,Male,50plus,Unmarried partner,Associates degree,Retired,$50000 - $62499,never,4~8,4~8,1~3,less1
11973,Male,36,Married partner,Some college - no degree,Management,$75000 - $87499,1~3,1~3,1~3,4~8,less1
19459,Male,50plus,Unmarried partner,High School Graduate,Retired,$50000 - $62499,less1,less1,4~8,1~3,less1
14001,Female,50plus,Married partner,Graduate degree (Masters or Doctorate),Education&Training&Library,$100000 or More,4~8,gt8,4~8,4~8,4~8
14989,Female,21,Single,High School Graduate,Unemployed,$100000 or More,never,never,less1,never,never
22376,Male,26,Single,Bachelors degree,Unemployed,$12500 - $24999,1~3,less1,4~8,1~3,less1
20632,Male,21,Single,Bachelors degree,Protective Service,$25000 - $37499,never,never,gt8,less1,less1
18405,Female,50plus,Single,Bachelors degree,Installation Maintenance & Repair,$25000 - $37499,never,4~8,4~8,gt8,less1
20531,Female,50plus,Married partner,High School Graduate,Retired,$75000 - $87499,never,never,4~8,less1,1~3
15111,Female,21,Single,Some college - no degree,Student,$50000 - $62499,never,never,never,gt8,less1
22555,Female,26,Married partner,Bachelors degree,Office & Administrative Support,$50000 - $62499,never,less1,1~3,1~3,never
18171,Female,46,Married partner,Bachelors degree,Construction & Extraction,$12500 - $24999,1~3,4~8,4~8,1~3,less1
17854,Female,31,Married partner,Some college - no degree,Computer & Mathematical,$100000 or More,less1,less1,gt8,4~8,less1
10431,Male,26,Single,Bachelors degree,Computer & Mathematical,$50000 - $62499,never,1~3,1~3,less1,less1
15764,Female,41,Single,Associates degree,Sales & Related,$25000 - $37499,less1,less1,4~8,4~8,1~3
20844,Male,21,Single,Some college - no degree,Sales & Related,$37500 - $49999,1~3,gt8,4~8,1~3,less1
10609,Male,26,Single,Bachelors degree,Office & Administrative Support,$50000 - $62499,4~8,never,4~8,1~3,less1
17336,Male,36,Unmarried partner,Some college - no degree,Building & Grounds Cleaning & Maintenance,$25000 - $37499,1~3,less1,1~3,1~3,less1
13214,Female,41,Married partner,Bachelors degree,Business & Financial,$100000 or More,1~3,less1,less1,1~3,1~3
16789,Female,21,Married partner,Associates degree,Unemployed,$50000 - $62499,never,1~3,1~3,1~3,less1
21937,Female,31,Married partner,Some college - no degree,Computer & Mathematical,$100000 or More,less1,less1,gt8,4~8,less1
19301,Male,below21,Single,High School Graduate,Student,$87500 - $99999,never,less1,1~3,4~8,4~8
16057,Female,26,Single,High School Graduate,Unemployed,Less than $12500,less1,less1,4~8,1~3,never
20152,Male,31,Married partner,Bachelors degree,Architecture & Engineering,$75000 - $87499,less1,never,1~3,1~3,1~3
18945,Female,31,Married partner,Associates degree,Student,$87500 - $99999,never,4~8,4~8,less1,less1
11325,Female,46,Single,Some college - no degree,Sales & Related,$37500 - $49999,never,less1,1~3,1~3,1~3
19168,Male,31,Single,Bachelors degree,Office & Administrative Support,$25000 - $37499,never,less1,less1,less1,less1
18983,Female,46,Married partner,High School Graduate,Transportation & Material Moving,$37500 - $49999,less1,less1,1~3,1~3,never
13338,Male,46,Unmarried partner,Bachelors degree,Business & Financial,$62500 - $74999,never,less1,4~8,1~3,never
11928,Female,31,Single,Bachelors degree,Transportation & Material Moving,$25000 - $37499,less1,1~3,4~8,gt8,less1
14468,Female,36,Single,Graduate degree (Masters or Doctorate),Education&Training&Library,$37500 - $49999,less1,never,4~8,1~3,less1
16529,Male,below21,Single,Some college - no degree,Student,Less than $12500,1~3,4~8,1~3,gt8,4~8
14023,Male,31,Married partner,Bachelors degree,Management,$87500 - $99999,1~3,4~8,1~3,gt8,gt8
12694,Female,41,Married partner,Bachelors degree,Education&Training&Library,$100000 or More,less1,1~3,1~3,4~8,less1
22381,Male,26,Single,Bachelors degree,Unemployed,$12500 - $24999,1~3,less1,4~8,1~3,less1
15870,Female,26,Married partner,Graduate degree (Masters or Doctorate),Community & Social Services,$50000 - $62499,less1,less1,less1,gt8,less1
19216,Male,26,Single,Bachelors degree,Sales & Related,$75000 - $87499,never,never,4~8,4~8,less1
20559,Male,26,Single,Some High School,Installation Maintenance & Repair,$12500 - $24999,4~8,1~3,1~3,4~8,4~8
21905,Male,26,Single,Some college - no degree,Unemployed,$100000 or More,1~3,never,4~8,1~3,less1
17869,Female,50plus,Single,Bachelors degree,Office & Administrative Support,$37500 - $49999,less1,4~8,1~3,1~3,1~3
15496,Female,41,Single,Some college - no degree,Business & Financial,$12500 - $24999,never,less1,less1,less1,never
15205,Female,50plus,Unmarried partner,Some college - no degree,Management,$37500 - $49999,never,never,4~8,1~3,less1
21685,Female,41,Married partner,Graduate degree (Masters or Doctorate),Management,$75000 - $87499,less1,1~3,4~8,1~3,never
18415,Male,26,Single,Bachelors degree,Food Preparation & Serving Related,$50000 - $62499,4~8,1~3,4~8,1~3,4~8
11741,Male,26,Married partner,Bachelors degree,Computer & Mathematical,$62500 - $74999,never,less1,less1,gt8,1~3
20312,Female,31,Married partner,Bachelors degree,Unemployed,$100000 or More,never,4~8,4~8,4~8,less1
13221,Female,41,Married partner,Bachelors degree,Business & Financial,$100000 or More,1~3,less1,less1,1~3,1~3
17345,Male,36,Unmarried partner,Some college - no degree,Building & Grounds Cleaning & Maintenance,$25000 - $37499,1~3,less1,1~3,1~3,less1
14746,Female,50plus,Single,Bachelors degree,Retired,$37500 - $49999,never,never,less1,4~8,less1
14772,Male,50plus,Married partner,Associates degree,Unemployed,$37500 - $49999,less1,less1,less1,4~8,less1
12660,Female,26,Married partner,Bachelors degree,Architecture & Engineering,$37500 - $49999,never,1~3,1~3,1~3,less1
19096,Male,26,Married partner,Bachelors degree,Sales & Related,$25000 - $37499,less1,never,1~3,less1,less1
18693,Male,31,Married partner,Graduate degree (Masters or Doctorate),Business & Financial,$75000 - $87499,1~3,4~8,less1,4~8,less1
14430,Female,36,Married partner,Bachelors degree,Computer & Mathematical,$50000 - $62499,less1,never,4~8,4~8,never
13379,Male,26,Single,High School Graduate,Sales & Related,$12500 - $24999,never,never,4~8,1~3,never
10618,Female,21,Married partner,Some college - no degree,Student,$25000 - $37499,never,gt8,1~3,gt8,1~3
16475,Male,41,Divorced,Bachelors degree,Sales & Related,$62500 - $74999,never,never,4~8,1~3,never
17390,Male,below21,Unmarried partner,Some college - no degree,Student,$87500 - $99999,never,1~3,1~3,1~3,less1
12096,Female,26,Single,Bachelors degree,Unemployed,Less than $12500,4~8,1~3,gt8,4~8,1~3
10100,Male,21,Single,Associates degree,Student,$12500 - $24999,1~3,less1,1~3,less1,1~3
21402,Male,50plus,Married partner,Graduate degree (Masters or Doctorate),Retired,$50000 - $62499,less1,less1,less1,less1,less1
16349,Female,21,Married partner,Some college - no degree,Unemployed,$50000 - $62499,less1,4~8,4~8,4~8,4~8
22159,Female,31,Single,Associates degree,Arts Design Entertainment Sports & Media,$75000 - $87499,,less1,gt8,1~3,less1
20596,Female,26,Married partner,Bachelors degree,Arts Design Entertainment Sports & Media,$50000 - $62499,never,never,less1,less1,less1
20076,Female,31,Single,Associates degree,Arts Design Entertainment Sports & Media,$75000 - $87499,never,less1,4~8,1~3,1~3
18379,Female,50plus,Married partner,Bachelors degree,Education&Training&Library,$12500 - $24999,less1,4~8,4~8,gt8,less1
19723,Female,46,Single,Some college - no degree,Office & Administrative Support,$37500 - $49999,never,1~3,gt8,4~8,1~3
18404,Female,50plus,Single,Bachelors degree,Installation Maintenance & Repair,$25000 - $37499,never,4~8,4~8,gt8,less1
12493,Female,46,Single,Graduate degree (Masters or Doctorate),Management,$75000 - $87499,never,never,gt8,4~8,less1
19787,Male,31,Single,Some college - no degree,Office & Administrative Support,$12500 - $24999,4~8,never,gt8,4~8,never
22531,Male,21,Unmarried partner,High School Graduate,Food Preparation & Serving Related,$12500 - $24999,1~3,never,gt8,4~8,1~3
12287,Female,41,Single,Some college - no degree,Office & Administrative Support,$25000 - $37499,less1,less1,less1,less1,never
18110,Female,41,Married partner,Associates degree,Education&Training&Library,$62500 - $74999,never,less1,less1,less1,less1
20959,Female,31,Married partner,Bachelors degree,Student,$37500 - $49999,never,less1,gt8,4~8,less1
10033,Male,21,Single,Bachelors degree,Architecture & Engineering,$62500 - $74999,never,less1,4~8,4~8,less1
19334,Female,46,Divorced,Bachelors degree,Office & Administrative Support,$25000 - $37499,never,1~3,1~3,1~3,1~3
20095,Female,31,Single,Associates degree,Arts Design Entertainment Sports & Media,$75000 - $87499,never,less1,4~8,1~3,1~3
11823,Female,50plus,Married partner,Bachelors degree,Retired,$50000 - $62499,never,less1,4~8,1~3,less1
19968,Female,21,Married partner,High School Graduate,Office & Administrative Support,$12500 - $24999,never,never,4~8,1~3,less1
20266,Female,31,Married partner,Graduate degree (Masters or Doctorate),Student,$25000 - $37499,never,gt8,4~8,1~3,less1
20731,Female,21,Married partner,Some college - no degree,Unemployed,$25000 - $37499,never,less1,1~3,1~3,never
14701,Female,21,Unmarried partner,Bachelors degree,Student,$50000 - $62499,less1,never,1~3,4~8,1~3
16698,Male,21,Single,High School Graduate,Unemployed,Less than $12500,4~8,gt8,less1,1~3,never
11564,Female,21,Single,Bachelors degree,Arts Design Entertainment Sports & Media,$100000 or More,less1,less1,1~3,1~3,1~3
10227,Female,21,Unmarried partner,Bachelors degree,Management,$87500 - $99999,1~3,1~3,1~3,1~3,1~3
11855,Male,21,Single,Bachelors degree,Architecture & Engineering,$50000 - $62499,1~3,never,less1,4~8,never
17301,Male,26,Single,Bachelors degree,Sales & Related,$75000 - $87499,never,never,less1,less1,less1
18146,Female,46,Unmarried partner,Graduate degree (Masters or Doctorate),Unemployed,$100000 or More,never,less1,less1,1~3,less1
17105,Male,26,Single,Some college - no degree,Transportation & Material Moving,$62500 - $74999,4~8,less1,gt8,4~8,less1
17593,Male,26,Married partner,Bachelors degree,Computer & Mathematical,$50000 - $62499,less1,less1,1~3,less1,less1
15599,Male,below21,Single,Some college - no degree,Student,Less than $12500,never,less1,gt8,1~3,never
21090,Male,50plus,Divorced,Some college - no degree,Production Occupations,$37500 - $49999,1~3,4~8,4~8,gt8,4~8
12072,Female,36,Married partner,Graduate degree (Masters or Doctorate),Arts Design Entertainment Sports & Media,$50000 - $62499,4~8,gt8,4~8,4~8,1~3
15529,Female,50plus,Single,High School Graduate,Management,$37500 - $49999,less1,less1,less1,less1,1~3
14383,Male,21,Unmarried partner,Some college - no degree,Student,Less than $12500,less1,1~3,4~8,4~8,never
19038,Male,21,Single,Some college - no degree,Student,$12500 - $24999,1~3,less1,4~8,less1,never
20689,Male,26,Married partner,Bachelors degree,Management,$12500 - $24999,1~3,4~8,1~3,1~3,
10944,Female,31,Single,Graduate degree (Masters or Doctorate),Life Physical Social Science,$50000 - $62499,1~3,4~8,4~8,4~8,4~8
11075,Female,31,Unmarried partner,Some college - no degree,Office & Administrative Support,$75000 - $87499,less1,1~3,gt8,4~8,1~3
14739,Male,below21,Single,Some college - no degree,Student,$87500 - $99999,never,4~8,,4~8,less1
12893,Female,36,Married partner,Bachelors degree,Education&Training&Library,$50000 - $62499,,1~3,4~8,1~3,1~3
10817,Male,46,Married partner,Some college - no degree,Computer & Mathematical,$62500 - $74999,never,1~3,4~8,1~3,1~3
21497,Female,below21,Single,Bachelors degree,Student,$12500 - $24999,gt8,1~3,less1,4~8,gt8
13766,Female,41,Married partner,Bachelors degree,Management,$62500 - $74999,1~3,4~8,4~8,4~8,1~3
16338,Female,36,Divorced,Graduate degree (Masters or Doctorate),Student,$12500 - $24999,never,gt8,gt8,gt8,1~3
13887,Female,26,Married partner,Bachelors degree,Healthcare Practitioners & Technical,$100000 or More,never,1~3,1~3,4~8,less1
16102,Male,21,Unmarried partner,Some college - no degree,Food Preparation & Serving Related,$12500 - $24999,1~3,less1,1~3,1~3,never
15876,Male,31,Married partner,Graduate degree (Masters or Doctorate),Management,$87500 - $99999,never,never,4~8,gt8,4~8
14754,Female,50plus,Single,Bachelors degree,Retired,$37500 - $49999,never,never,less1,4~8,less1
17988,Male,36,Married partner,Bachelors degree,Business & Financial,$75000 - $87499,less1,less1,4~8,1~3,1~3
21289,Male,21,Single,Bachelors degree,Student,$25000 - $37499,1~3,4~8,1~3,1~3,less1
22357,Female,31,Single,Bachelors degree,Education&Training&Library,$25000 - $37499,less1,4~8,less1,4~8,1~3
14473,Female,36,Single,Graduate degree (Masters or Doctorate),Education&Training&Library,$37500 - $49999,less1,never,4~8,1~3,less1
17916,Male,26,Married partner,Bachelors degree,Education&Training&Library,$50000 - $62499,never,less1,1~3,1~3,1~3
14235,Male,26,Single,Graduate degree (Masters or Doctorate),Management,$25000 - $37499,4~8,gt8,gt8,4~8,less1
22080,Female,46,Married partner,Bachelors degree,Business & Financial,$100000 or More,never,4~8,4~8,1~3,
10081,Male,46,Married partner,Bachelors degree,Education&Training&Library,$75000 - $87499,less1,1~3,1~3,1~3,less1
12327,Female,31,Single,Bachelors degree,Sales & Related,$25000 - $37499,4~8,1~3,1~3,4~8,1~3
17621,Male,50plus,Unmarried partner,Associates degree,Transportation & Material Moving,$50000 - $62499,never,1~3,4~8,4~8,1~3
19997,Female,36,Divorced,Bachelors degree,Sales & Related,$12500 - $24999,never,less1,1~3,less1,never
19297,Male,below21,Single,High School Graduate,Student,$87500 - $99999,never,less1,1~3,4~8,4~8
12742,Male,36,Single,Some college - no degree,Sales & Related,$50000 - $62499,never,never,less1,4~8,less1
22339,Male,31,Married partner,Some college - no degree,Computer & Mathematical,$37500 - $49999,never,never,1~3,1~3,1~3
19456,Male,50plus,Unmarried partner,High School Graduate,Retired,$50000 - $62499,less1,less1,4~8,1~3,less1
17353,Male,26,Married partner,Bachelors degree,Education&Training&Library,$37500 - $49999,never,,1~3,1~3,less1
20100,Female,36,Married partner,Graduate degree (Masters or Doctorate),Healthcare Practitioners & Technical,$87500 - $99999,1~3,4~8,4~8,4~8,1~3
22551,Female,26,Married partner,Bachelors degree,Office & Administrative Support,$50000 - $62499,never,less1,1~3,1~3,never
21643,Male,21,Single,Some college - no degree,Student,Less than $12500,less1,less1,less1,1~3,1~3
22431,Male,31,Married partner,Some college - no degree,Protective Service,$100000 or More,1~3,less1,4~8,1~3,4~8
19960,Male,31,Single,Bachelors degree,Education&Training&Library,$50000 - $62499,never,never,1~3,1~3,1~3
20824,Female,26,Married partner,Graduate degree (Masters or Doctorate),Student,$87500 - $99999,never,4~8,less1,4~8,less1
20179,Male,36,Married partner,Associates degree,Computer & Mathematical,$100000 or More,never,less1,4~8,1~3,less1
16015,Female,26,Single,Bachelors degree,Unemployed,Less than $12500,4~8,1~3,gt8,4~8,1~3
17245,Male,50plus,Married partner,Graduate degree (Masters or Doctorate),Healthcare Practitioners & Technical,$100000 or More,1~3,1~3,gt8,4~8,less1
17643,Male,50plus,Married partner,Associates degree,Retired,$37500 - $49999,never,never,4~8,4~8,never
18783,Male,26,Married partner,Bachelors degree,Computer & Mathematical,$100000 or More,4~8,,1~3,1~3,less1
11110,Female,41,Married partner,Associates degree,Unemployed,$75000 - $87499,never,less1,4~8,1~3,less1
16392,Male,31,Single,High School Graduate,Unemployed,$12500 - $24999,never,never,1~3,1~3,1~3
14946,Male,31,Single,High School Graduate,Production Occupations,$25000 - $37499,1~3,never,4~8,1~3,less1
16639,Male,26,Single,Bachelors degree,Business & Financial,$100000 or More,4~8,1~3,1~3,1~3,less1
12053,Female,36,Married partner,Graduate degree (Masters or Doctorate),Arts Design Entertainment Sports & Media,$50000 - $62499,4~8,gt8,4~8,4~8,1~3
11526,Female,36,Married partner,Some college - no degree,Construction & Extraction,$12500 - $24999,never,1~3,1~3,less1,less1
11378,Male,41,Married partner,Some college - no degree,Computer & Mathematical,$50000 - $62499,1~3,less1,1~3,1~3,less1
19363,Male,below21,Single,Some college - no degree,Student,$37500 - $49999,never,never,never,less1,less1
16228,Female,41,Married partner,Some college - no degree,Arts Design Entertainment Sports & Media,$62500 - $74999,less1,less1,1~3,1~3,less1
13642,Male,21,Single,Bachelors degree,Student,$62500 - $74999,4~8,4~8,1~3,1~3,less1
11249,Male,26,Single,Graduate degree (Masters or Doctorate),Sales & Related,$12500 - $24999,less1,4~8,4~8,1~3,never
18196,Male,31,Single,Associates degree,Installation Maintenance & Repair,$37500 - $49999,1~3,4~8,1~3,1~3,less1
18855,Male,26,Married partner,Bachelors degree,Computer & Mathematical,$50000 - $62499,never,1~3,1~3,1~3,1~3
15092,Male,21,Single,High School Graduate,Unemployed,$25000 - $37499,less1,1~3,4~8,1~3,less1
11432,Female,36,Married partner,Bachelors degree,Education&Training&Library,$87500 - $99999,less1,gt8,4~8,1~3,less1
22425,Male,31,Married partner,Some college - no degree,Protective Service,$100000 or More,1~3,less1,4~8,1~3,4~8
16085,Female,50plus,Single,Graduate degree (Masters or Doctorate),Unemployed,Less than $12500,never,gt8,1~3,less1,less1
15310,Male,21,Unmarried partner,Bachelors degree,Business & Financial,$75000 - $87499,1~3,less1,4~8,1~3,1~3
10491,Male,26,Single,Some college - no degree,Unemployed,$87500 - $99999,never,1~3,4~8,less1,never
20704,Female,41,Single,Bachelors degree,Healthcare Support,$75000 - $87499,less1,less1,1~3,1~3,less1
10444,Male,26,Single,Bachelors degree,Computer & Mathematical,$50000 - $62499,never,1~3,1~3,less1,less1
22466,Male,41,Divorced,High School Graduate,Sales & Related,$12500 - $24999,never,less1,less1,1~3,4~8
17420,Female,26,Single,Bachelors degree,Computer & Mathematical,$25000 - $37499,less1,less1,4~8,1~3,never
14882,Male,31,Married partner,Bachelors degree,Management,$50000 - $62499,never,never,never,less1,
15785,Female,31,Unmarried partner,Bachelors degree,Management,$25000 - $37499,4~8,less1,1~3,4~8,1~3
16021,Female,26,Single,Bachelors degree,Unemployed,Less than $12500,4~8,1~3,gt8,4~8,1~3
16943,Female,41,Married partner,Graduate degree (Masters or Doctorate),Business & Financial,$75000 - $87499,less1,1~3,gt8,4~8,less1
10897,Female,21,Single,Bachelors degree,Office & Administrative Support,$37500 - $49999,1~3,less1,4~8,1~3,less1
12753,Male,36,Single,Some college - no degree,Sales & Related,$50000 - $62499,never,never,less1,4~8,less1
15972,Male,36,Married partner,Graduate degree (Masters or Doctorate),Sales & Related,$100000 or More,1~3,less1,1~3,4~8,1~3
11152,Female,31,Married partner,Some college - no degree,Computer & Mathematical,$100000 or More,less1,less1,gt8,4~8,less1
21625,Male,41,Married partner,Some college - no degree,Business & Financial,$100000 or More,less1,less1,1~3,1~3,less1
15366,Female,26,Unmarried partner,Associates degree,Office & Administrative Support,$12500 - $24999,less1,1~3,1~3,1~3,1~3
12163,Male,21,Single,Bachelors degree,Student,$100000 or More,4~8,gt8,4~8,gt8,1~3
22624,Female,21,Unmarried partner,Bachelors degree,Unemployed,$37500 - $49999,never,4~8,1~3,1~3,less1
19925,Female,21,Single,Bachelors degree,Business & Financial,$50000 - $62499,less1,gt8,gt8,gt8,4~8
12010,Female,50plus,Married partner,Associates degree,Legal,$100000 or More,less1,never,gt8,4~8,1~3
10691,Male,36,Married partner,Some college - no degree,Management,$50000 - $62499,less1,1~3,4~8,1~3,1~3
21723,Female,21,Single,Bachelors degree,Arts Design Entertainment Sports & Media,$75000 - $87499,gt8,less1,gt8,4~8,never
15976,Male,36,Married partner,Graduate degree (Masters or Doctorate),Sales & Related,$100000 or More,1~3,less1,1~3,4~8,1~3
20917,Female,21,Unmarried partner,Some college - no degree,Student,Less than $12500,1~3,1~3,4~8,1~3,less1
19599,Female,21,Unmarried partner,Bachelors degree,Community & Social Services,$62500 - $74999,less1,never,1~3,less1,never
22426,Male,31,Married partner,Some college - no degree,Protective Service,$100000 or More,1~3,less1,4~8,1~3,4~8
15482,Female,41,Single,Some college - no degree,Business & Financial,$12500 - $24999,never,less1,less1,less1,never
22671,Male,26,Single,Bachelors degree,Sales & Related,$75000 - $87499,never,never,1~3,4~8,1~3
21044,Male,46,Single,Some college - no degree,Sales & Related,Less than $12500,1~3,1~3,4~8,4~8,4~8
13122,Male,50plus,Unmarried partner,Some college - no degree,Installation Maintenance & Repair,$12500 - $24999,4~8,less1,1~3,1~3,less1
18960,Female,21,Unmarried partner,Some college - no degree,Food Preparation & Serving Related,Less than $12500,never,1~3,4~8,,4~8
22059,Male,46,Married partner,Bachelors degree,Community & Social Services,$100000 or More,less1,never,1~3,1~3,1~3
15564,Female,41,Married partner,Bachelors degree,Education&Training&Library,$25000 - $37499,never,1~3,1~3,1~3,1~3
16431,Female,26,Single,Some college - no degree,Office & Administrative Support,$37500 - $49999,1~3,never,1~3,1~3,1~3
21305,Male,36,Unmarried partner,Bachelors degree,Education&Training&Library,$62500 - $74999,4~8,1~3,gt8,gt8,1~3
13823,Female,50plus,Married partner,Associates degree,Arts Design Entertainment Sports & Media,$25000 - $37499,never,never,less1,1~3,never
18318,Male,26,Married partner,Graduate degree (Masters or Doctorate),Architecture & Engineering,$100000 or More,1~3,1~3,1~3,4~8,4~8
22141,Female,21,Unmarried partner,Bachelors degree,Unemployed,$25000 - $37499,never,never,1~3,1~3,less1
13548,Female,21,Single,Some college - no degree,Student,Less than $12500,gt8,4~8,4~8,4~8,1~3
21151,Female,41,Married partner,Graduate degree (Masters or Doctorate),Computer & Mathematical,$75000 - $87499,less1,4~8,gt8,1~3,less1
13773,Female,41,Married partner,Bachelors degree,Management,$62500 - $74999,1~3,4~8,4~8,4~8,1~3
13765,Female,41,Married partner,Bachelors degree,Management,$62500 - $74999,1~3,4~8,4~8,4~8,1~3
16156,Male,46,Married partner,Graduate degree (Masters or Doctorate),Retired,$50000 - $62499,never,never,less1,4~8,1~3
11904,Male,31,Single,Bachelors degree,Unemployed,Less than $12500,less1,1~3,gt8,1~3,never
16559,Female,50plus,Divorced,Graduate degree (Masters or Doctorate),Community & Social Services,$25000 - $37499,never,1~3,less1,4~8,less1
19177,Male,31,Single,Bachelors degree,Office & Administrative Support,$25000 - $37499,never,less1,less1,less1,less1
14487,Female,26,Single,Bachelors degree,Unemployed,$25000 - $37499,never,less1,1~3,4~8,never
12233,Female,26,Married partner,Associates degree,Management,$12500 - $24999,never,less1,gt8,4~8,never
13267,Female,21,Married partner,Some college - no degree,Unemployed,$25000 - $37499,never,less1,1~3,less1,less1
14623,Male,21,Single,Bachelors degree,Student,$25000 - $37499,4~8,4~8,4~8,1~3,never
19418,Female,50plus,Divorced,Some college - no degree,Unemployed,$37500 - $49999,never,never,4~8,1~3,less1
11944,Male,41,Married partner,Graduate degree (Masters or Doctorate),Education&Training&Library,$50000 - $62499,less1,4~8,4~8,1~3,less1
11151,Female,31,Married partner,Some college - no degree,Computer & Mathematical,$100000 or More,less1,less1,gt8,4~8,less1
20160,Male,31,Married partner,Bachelors degree,Architecture & Engineering,$75000 - $87499,less1,never,1~3,1~3,1~3
14263,Female,26,Single,Bachelors degree,Education&Training&Library,$50000 - $62499,1~3,never,4~8,1~3,less1
18974,Female,21,Unmarried partner,Some college - no degree,Food Preparation & Serving Related,Less than $12500,never,1~3,4~8,,4~8
13342,Male,46,Unmarried partner,Bachelors degree,Business & Financial,$62500 - $74999,never,less1,4~8,1~3,never
22076,Female,46,Married partner,Bachelors degree,Business & Financial,$100000 or More,never,4~8,4~8,1~3,
20869,Male,41,Single,Bachelors degree,Business & Financial,$62500 - $74999,1~3,4~8,1~3,4~8,4~8
15687,Male,21,Single,High School Graduate,Student,$50000 - $62499,never,1~3,gt8,4~8,never
14081,Female,36,Married partner,Some college - no degree,Computer & Mathematical,$25000 - $37499,never,never,1~3,less1,never
19769,Female,50plus,Married partner,Bachelors degree,Education&Training&Library,$100000 or More,never,less1,4~8,1~3,1~3
15756,Male,26,Married partner,Some college - no degree,Computer & Mathematical,$50000 - $62499,never,1~3,1~3,less1,1~3
12914,Male,21,Single,Some college - no degree,Computer & Mathematical,$25000 - $37499,less1,1~3,1~3,1~3,less1
21156,Female,41,Married partner,Graduate degree (Masters or Doctorate),Computer & Mathematical,$75000 - $87499,less1,4~8,gt8,1~3,less1
13960,Female,21,Single,Bachelors degree,Arts Design Entertainment Sports & Media,$12500 - $24999,never,1~3,gt8,1~3,1~3
20705,Female,41,Single,Bachelors degree,Healthcare Support,$75000 - $87499,less1,less1,1~3,1~3,less1
16642,Male,26,Single,Bachelors degree,Business & Financial,$100000 or More,4~8,1~3,1~3,1~3,less1
13291,Female,31,Married partner,Some college - no degree,Computer & Mathematical,$100000 or More,less1,less1,1~3,gt8,less1
20131,Female,26,Married partner,Some college - no degree,Office & Administrative Support,$75000 - $87499,never,never,1~3,4~8,less1
12066,Female,36,Married partner,Graduate degree (Masters or Doctorate),Arts Design Entertainment Sports & Media,$50000 - $62499,4~8,gt8,4~8,4~8,1~3
11609,Male,41,Married partner,Graduate degree (Masters or Doctorate),Architecture & Engineering,$100000 or More,less1,1~3,1~3,gt8,never
17590,Male,26,Married partner,Bachelors degree,Computer & Mathematical,$50000 - $62499,less1,less1,1~3,less1,less1
21964,Male,50plus,Married partner,Graduate degree (Masters or Doctorate),Education&Training&Library,$25000 - $37499,less1,1~3,1~3,1~3,less1
21603,Female,21,Single,Bachelors degree,Student,$25000 - $37499,never,never,less1,never,never
10361,Male,31,Married partner,Graduate degree (Masters or Doctorate),Computer & Mathematical,$100000 or More,less1,1~3,4~8,4~8,4~8
17858,Female,31,Married partner,Some college - no degree,Computer & Mathematical,$100000 or More,less1,less1,gt8,4~8,less1
20614,Female,31,Divorced,Some college - no degree,Food Preparation & Serving Related,$12500 - $24999,less1,less1,4~8,gt8,gt8
14549,Female,31,Married partner,Some college - no degree,Office & Administrative Support,$37500 - $49999,1~3,1~3,4~8,1~3,less1
16825,Male,26,Married partner,Bachelors degree,Management,$50000 - $62499,never,less1,less1,1~3,less1
20591,Female,26,Married partner,Bachelors degree,Arts Design Entertainment Sports & Media,$50000 - $62499,never,never,less1,less1,less1
15708,Female,26,Married partner,Graduate degree (Masters or Doctorate),Unemployed,$62500 - $74999,4~8,1~3,4~8,4~8,1~3
19728,Female,46,Single,Some college - no degree,Office & Administrative Support,$37500 - $49999,never,1~3,gt8,4~8,1~3
11959,Male,41,Married partner,Graduate degree (Masters or Doctorate),Education&Training&Library,$50000 - $62499,less1,4~8,4~8,1~3,less1
19639,Male,46,Single,Some college - no degree,Production Occupations,Less than $12500,4~8,4~8,1~3,less1,1~3
13583,Male,41,Married partner,Graduate degree (Masters or Doctorate),Management,$100000 or More,less1,4~8,gt8,gt8,1~3
22319,Female,36,Married partner,Bachelors degree,Unemployed,$100000 or More,less1,never,1~3,less1,less1
13816,Male,21,Married partner,Some college - no degree,Education&Training&Library,$25000 - $37499,never,never,1~3,1~3,less1
15732,Male,21,Single,Some college - no degree,Student,$100000 or More,less1,1~3,1~3,1~3,less1
11187,Male,26,Married partner,Bachelors degree,Computer & Mathematical,$100000 or More,1~3,gt8,4~8,gt8,4~8
11933,Female,31,Single,Bachelors degree,Transportation & Material Moving,$25000 - $37499,less1,1~3,4~8,gt8,less1
13721,Female,50plus,Single,Bachelors degree,Sales & Related,$25000 - $37499,never,less1,1~3,1~3,1~3
20686,Male,26,Married partner,Bachelors degree,Management,$12500 - $24999,1~3,4~8,1~3,1~3,
11259,Male,50plus,Widowed,Some college - no degree,Construction & Extraction,Less than $12500,never,never,less1,1~3,less1
10291,Female,41,Divorced,Bachelors degree,Arts Design Entertainment Sports & Media,$12500 - $24999,never,gt8,less1,1~3,never
10890,Female,21,Single,Bachelors degree,Office & Administrative Support,$37500 - $49999,1~3,less1,4~8,1~3,less1
16079,Female,50plus,Single,Graduate degree (Masters or Doctorate),Unemployed,Less than $12500,never,gt8,1~3,less1,less1
20039,Male,26,Married partner,Graduate degree (Masters or Doctorate),Community & Social Services,$100000 or More,less1,gt8,4~8,gt8,1~3
10209,Male,21,Single,Some college - no degree,Sales & Related,$100000 or More,less1,never,gt8,1~3,less1
16944,Female,41,Married partner,Graduate degree (Masters or Doctorate),Business & Financial,$75000 - $87499,less1,1~3,gt8,4~8,less1
19862,Male,36,Single,Some college - no degree,Office & Administrative Support,$25000 - $37499,less1,never,less1,less1,less1
20687,Male,26,Married partner,Bachelors degree,Management,$12500 - $24999,1~3,4~8,1~3,1~3,
10754,Female,50plus,Married partner,Some college - no degree,Healthcare Support,$25000 - $37499,1~3,1~3,4~8,4~8,1~3
14108,Male,31,Married partner,Bachelors degree,Computer & Mathematical,$75000 - $87499,never,never,1~3,1~3,never
15355,Female,26,Unmarried partner,Associates degree,Office & Administrative Support,$12500 - $24999,less1,1~3,1~3,1~3,1~3
12921,Female,31,Divorced,High School Graduate,Business & Financial,$25000 - $37499,1~3,less1,1~3,less1,4~8
15221,Male,31,Married partner,Graduate degree (Masters or Doctorate),Education&Training&Library,$25000 - $37499,never,1~3,4~8,4~8,less1
16225,Female,41,Married partner,Some college - no degree,Arts Design Entertainment Sports & Media,$62500 - $74999,less1,less1,1~3,1~3,less1
20351,Male,21,Single,Some college - no degree,Personal Care & Service,$25000 - $37499,1~3,4~8,less1,never,never
20063,Female,50plus,Single,Some college - no degree,Unemployed,Less than $12500,never,1~3,less1,1~3,less1
18858,Male,26,Married partner,Bachelors degree,Computer & Mathematical,$50000 - $62499,never,1~3,1~3,1~3,1~3
19490,Male,36,Married partner,Bachelors degree,Computer & Mathematical,$100000 or More,less1,never,1~3,less1,less1
11157,Female,31,Married partner,Some college - no degree,Computer & Mathematical,$100000 or More,less1,less1,gt8,4~8,less1
13367,Male,26,Single,High School Graduate,Sales & Related,$12500 - $24999,never,never,4~8,1~3,never
12477,Female,46,Single,Graduate degree (Masters or Doctorate),Management,$75000 - $87499,never,never,gt8,4~8,less1
10004,Female,21,Unmarried partner,Some college - no degree,Unemployed,$37500 - $49999,never,never,,4~8,1~3
16278,Male,36,Single,Some college - no degree,Computer & Mathematical,$37500 - $49999,less1,1~3,4~8,1~3,less1
15354,Female,26,Unmarried partner,Associates degree,Office & Administrative Support,$12500 - $24999,less1,1~3,1~3,1~3,1~3
21067,Female,36,Married partner,Some college - no degree,Unemployed,Less than $12500,never,never,4~8,less1,less1
21805,Male,36,Married partner,Associates degree,Computer & Mathematical,$100000 or More,never,less1,4~8,1~3,less1
16309,Female,31,Married partner,Graduate degree (Masters or Doctorate),Computer & Mathematical,$62500 - $74999,less1,4~8,4~8,1~3,never
21658,Female,41,Married partner,Graduate degree (Masters or Doctorate),Management,$75000 - $87499,less1,1~3,4~8,1~3,never
12245,Female,26,Married partner,Associates degree,Management,$12500 - $24999,never,less1,gt8,4~8,never
17346,Male,36,Unmarried partner,Some college - no degree,Building & Grounds Cleaning & Maintenance,$25000 - $37499,1~3,less1,1~3,1~3,less1
20224,Female,31,Married partner,Some college - no degree,Computer & Mathematical,$100000 or More,less1,less1,gt8,4~8,less1
16348,Female,21,Married partner,Some college - no degree,Unemployed,$50000 - $62499,less1,4~8,4~8,4~8,4~8
19255,Male,26,Single,Graduate degree (Masters or Doctorate),Computer & Mathematical,$62500 - $74999,1~3,gt8,4~8,4~8,1~3
19481,Male,31,Married partner,High School Graduate,Computer & Mathematical,$87500 - $99999,never,1~3,less1,4~8,less1
19080,Female,26,Married partner,Bachelors degree,Computer & Mathematical,$100000 or More,1~3,1~3,4~8,4~8,less1
22126,Female,36,Married partner,Bachelors degree,Unemployed,$25000 - $37499,less1,1~3,4~8,4~8,4~8
19264,Male,26,Single,Graduate degree (Masters or Doctorate),Computer & Mathematical,$62500 - $74999,1~3,gt8,4~8,4~8,1~3
13130,Male,50plus,Unmarried partner,Some college - no degree,Installation Maintenance & Repair,$12500 - $24999,4~8,less1,1~3,1~3,less1
10438,Male,26,Single,Bachelors degree,Computer & Mathematical,$50000 - $62499,never,1~3,1~3,less1,less1
10762,Female,50plus,Married partner,Some college - no degree,Healthcare Support,$25000 - $37499,1~3,1~3,4~8,4~8,1~3
11680,Male,46,Single,Bachelors degree,Management,$100000 or More,never,less1,4~8,1~3,never
19887,Female,36,Divorced,Associates degree,Computer & Mathematical,$12500 - $24999,less1,4~8,1~3,less1,less1
11575,Male,31,Single,High School Graduate,Computer & Mathematical,$25000 - $37499,less1,never,1~3,less1,never
15861,Female,26,Married partner,Graduate degree (Masters or Doctorate),Community & Social Services,$50000 - $62499,less1,less1,less1,gt8,less1
17303,Male,26,Single,Bachelors degree,Sales & Related,$75000 - $87499,never,never,less1,less1,less1
12503,Male,21,Single,Some college - no degree,Student,$100000 or More,less1,less1,1~3,less1,never
14675,Female,below21,Unmarried partner,Some college - no degree,Student,$25000 - $37499,never,1~3,1~3,4~8,1~3
22005,Male,21,Single,Some college - no degree,Student,Less than $12500,4~8,1~3,4~8,1~3,less1
18678,Male,26,Single,Bachelors degree,Business & Financial,$100000 or More,4~8,1~3,less1,1~3,less1
15005,Female,31,Married partner,Some college - no degree,Unemployed,$50000 - $62499,never,never,1~3,gt8,1~3
18522,Female,21,Married partner,Some college - no degree,Student,$12500 - $24999,1~3,1~3,4~8,4~8,never
18009,Male,26,Unmarried partner,Bachelors degree,Management,$25000 - $37499,1~3,never,4~8,never,1~3
19619,Female,21,Unmarried partner,Bachelors degree,Community & Social Services,$62500 - $74999,less1,never,1~3,less1,never
21477,Female,41,Married partner,Some college - no degree,Arts Design Entertainment Sports & Media,$87500 - $99999,1~3,1~3,4~8,4~8,1~3
20514,Female,50plus,Married partner,Bachelors degree,Unemployed,$87500 - $99999,never,4~8,1~3,4~8,1~3
20881,Male,41,Single,Bachelors degree,Business & Financial,$62500 - $74999,1~3,4~8,1~3,4~8,4~8
10721,Male,41,Single,Some college - no degree,Sales & Related,$37500 - $49999,never,never,4~8,1~3,less1
11258,Male,26,Single,Graduate degree (Masters or Doctorate),Sales & Related,$12500 - $24999,less1,4~8,4~8,1~3,never
14344,Female,31,Unmarried partner,Bachelors degree,Sales & Related,$37500 - $49999,1~3,less1,4~8,4~8,less1
20505,Male,below21,Single,Some college - no degree,Student,Less than $12500,1~3,1~3,1~3,less1,less1
11349,Male,26,Unmarried partner,Some college - no degree,Sales & Related,$50000 - $62499,1~3,4~8,gt8,1~3,1~3
16805,Male,26,Unmarried partner,Some college - no degree,Unemployed,$12500 - $24999,never,less1,1~3,4~8,less1
20655,Male,21,Unmarried partner,Some college - no degree,Student,Less than $12500,less1,1~3,4~8,4~8,1~3
18644,Female,26,Married partner,Bachelors degree,Unemployed,$87500 - $99999,1~3,less1,,less1,less1
12946,Male,50plus,Married partner,Some college - no degree,Computer & Mathematical,$37500 - $49999,1~3,less1,4~8,1~3,1~3
20587,Female,31,Married partner,Bachelors degree,Unemployed,$37500 - $49999,less1,4~8,4~8,gt8,1~3
12978,Male,31,Married partner,Some college - no degree,Computer & Mathematical,$37500 - $49999,never,less1,4~8,less1,less1
20984,Male,21,Single,Some college - no degree,Student,$100000 or More,less1,1~3,1~3,less1,less1
17060,Male,21,Unmarried partner,High School Graduate,Sales & Related,$37500 - $49999,never,less1,4~8,4~8,less1
15263,Male,50plus,Married partner,Graduate degree (Masters or Doctorate),Retired,$62500 - $74999,never,4~8,1~3,4~8,less1
20482,Female,31,Unmarried partner,Graduate degree (Masters or Doctorate),Student,$25000 - $37499,1~3,less1,1~3,1~3,less1
15704,Female,26,Married partner,Graduate degree (Masters or Doctorate),Unemployed,$62500 - $74999,4~8,1~3,4~8,4~8,1~3
22056,Male,46,Married partner,Bachelors degree,Community & Social Services,$100000 or More,less1,never,1~3,1~3,1~3
15784,Female,41,Single,Associates degree,Sales & Related,$25000 - $37499,less1,less1,4~8,4~8,1~3
17900,Male,26,Married partner,Bachelors degree,Computer & Mathematical,$37500 - $49999,1~3,gt8,4~8,4~8,less1
15399,Female,26,Unmarried partner,Bachelors degree,Education&Training&Library,$50000 - $62499,1~3,1~3,1~3,1~3,1~3
20504,Male,below21,Single,Some college - no degree,Student,Less than $12500,1~3,1~3,1~3,less1,less1
18028,Male,21,Single,Bachelors degree,Unemployed,$50000 - $62499,less1,1~3,1~3,less1,less1
13406,Female,46,Married partner,Some college - no degree,Arts Design Entertainment Sports & Media,$25000 - $37499,less1,4~8,1~3,1~3,less1
12107,Female,26,Single,Bachelors degree,Unemployed,Less than $12500,4~8,1~3,gt8,4~8,1~3
15803,Female,31,Unmarried partner,Bachelors degree,Management,$25000 - $37499,4~8,less1,1~3,4~8,1~3
13997,Male,36,Single,Bachelors degree,Business & Financial,$100000 or More,less1,1~3,gt8,gt8,1~3
12954,Male,50plus,Married partner,Some college - no degree,Computer & Mathematical,$37500 - $49999,1~3,less1,4~8,1~3,1~3
21377,Female,21,Married partner,Associates degree,Unemployed,$50000 - $62499,never,1~3,1~3,1~3,1~3
20867,Male,41,Single,Bachelors degree,Business & Financial,$62500 - $74999,1~3,4~8,1~3,4~8,4~8
22610,Female,50plus,Divorced,Some college - no degree,Personal Care & Service,$12500 - $24999,never,less1,1~3,1~3,less1
10346,Male,31,Married partner,Graduate degree (Masters or Doctorate),Computer & Mathematical,$100000 or More,less1,1~3,4~8,4~8,4~8
20898,Female,below21,Unmarried partner,High School Graduate,Student,Less than $12500,never,4~8,1~3,4~8,less1
13409,Female,46,Married partner,Some college - no degree,Arts Design Entertainment Sports & Media,$25000 - $37499,less1,4~8,1~3,1~3,less1
21087,Male,50plus,Divorced,Some college - no degree,Production Occupations,$37500 - $49999,1~3,4~8,4~8,gt8,4~8
10274,Female,31,Married partner,Graduate degree (Masters or Doctorate),Unemployed,$62500 - $74999,never,less1,1~3,less1,less1
18829,Female,31,Married partner,Some college - no degree,Arts Design Entertainment Sports & Media,$100000 or More,less1,less1,gt8,4~8,less1
17971,Male,36,Married partner,Bachelors degree,Business & Financial,$75000 - $87499,less1,less1,4~8,1~3,1~3
12684,Male,41,Divorced,Some college - no degree,Transportation & Material Moving,$50000 - $62499,less1,less1,1~3,1~3,1~3
17113,Male,31,Married partner,Graduate degree (Masters or Doctorate),Education&Training&Library,$62500 - $74999,less1,less1,4~8,4~8,less1
20239,Female,below21,Unmarried partner,High School Graduate,Student,Less than $12500,never,4~8,1~3,4~8,less1
11952,Male,41,Married partner,Graduate degree (Masters or Doctorate),Education&Training&Library,$50000 - $62499,less1,4~8,4~8,1~3,less1
14284,Male,21,Unmarried partner,Bachelors degree,Education&Training&Library,$12500 - $24999,1~3,4~8,4~8,4~8,never
12148,Female,36,Married partner,Graduate degree (Masters or Doctorate),Business & Financial,$100000 or More,never,4~8,1~3,4~8,1~3
18663,Male,41,Single,Some college - no degree,Arts Design Entertainment Sports & Media,$12500 - $24999,never,never,1~3,1~3,never
18827,Female,31,Married partner,Some college - no degree,Arts Design Entertainment Sports & Media,$100000 or More,less1,less1,gt8,4~8,less1
10404,Female,21,Single,Bachelors degree,Student,$100000 or More,1~3,never,1~3,1~3,4~8
21583,Male,36,Unmarried partner,Some college - no degree,Construction & Extraction,$25000 - $37499,never,4~8,4~8,less1,less1
16463,Male,26,Single,Associates degree,Unemployed,Less than $12500,less1,less1,1~3,less1,less1
12817,Male,below21,Single,Some college - no degree,Student,$50000 - $62499,never,1~3,4~8,4~8,less1
13170,Male,50plus,Married partner,Some college - no degree,Retired,$87500 - $99999,never,never,1~3,1~3,less1
12334,Female,31,Single,Bachelors degree,Sales & Related,$25000 - $37499,4~8,1~3,1~3,4~8,1~3
18504,Male,46,Married partner,Graduate degree (Masters or Doctorate),Management,$87500 - $99999,less1,1~3,1~3,less1,1~3
18942,Female,31,Married partner,Associates degree,Student,$87500 - $99999,never,4~8,4~8,less1,less1
12469,Female,21,Unmarried partner,Some college - no degree,Unemployed,$12500 - $24999,1~3,less1,1~3,1~3,less1
20197,Female,50plus,Widowed,Some college - no degree,Food Preparation & Serving Related,Less than $12500,never,never,1~3,4~8,less1
12301,Male,50plus,Married partner,Some college - no degree,Computer & Mathematical,$50000 - $62499,never,gt8,never,4~8,less1
13643,Male,21,Single,Bachelors degree,Student,$62500 - $74999,4~8,4~8,1~3,1~3,less1
22328,Male,31,Married partner,Some college - no degree,Computer & Mathematical,$37500 - $49999,never,never,1~3,1~3,1~3
14183,Male,26,Single,Associates degree,Unemployed,Less than $12500,less1,never,1~3,less1,less1
17104,Male,26,Single,Some college - no degree,Transportation & Material Moving,$62500 - $74999,4~8,less1,gt8,4~8,less1
19278,Female,26,Unmarried partner,High School Graduate,Healthcare Support,$25000 - $37499,less1,less1,1~3,1~3,1~3
16421,Male,26,Married partner,Bachelors degree,Computer & Mathematical,$100000 or More,1~3,gt8,4~8,gt8,1~3
17454,Female,50plus,Married partner,Bachelors degree,Sales & Related,$50000 - $62499,4~8,4~8,1~3,1~3,less1
10599,Male,26,Single,Bachelors degree,Office & Administrative Support,$50000 - $62499,4~8,never,4~8,1~3,less1
11806,Male,36,Unmarried partner,Some college - no degree,Unemployed,$87500 - $99999,1~3,less1,4~8,1~3,less1
11943,Male,41,Married partner,Graduate degree (Masters or Doctorate),Education&Training&Library,$50000 - $62499,less1,4~8,4~8,1~3,less1
22239,Male,50plus,Married partner,Some college - no degree,Business & Financial,$100000 or More,less1,1~3,4~8,1~3,1~3
14992,Female,21,Single,High School Graduate,Unemployed,$100000 or More,never,never,less1,never,never
16567,Female,41,Married partner,Bachelors degree,Office & Administrative Support,$62500 - $74999,4~8,1~3,4~8,gt8,less1
16438,Female,26,Single,Some college - no degree,Office & Administrative Support,$37500 - $49999,1~3,never,1~3,1~3,1~3
11011,Female,31,Married partner,Bachelors degree,Arts Design Entertainment Sports & Media,$25000 - $37499,never,never,1~3,never,never
17984,Male,36,Married partner,Bachelors degree,Business & Financial,$75000 - $87499,less1,less1,4~8,1~3,1~3
14498,Female,26,Single,Bachelors degree,Unemployed,$25000 - $37499,never,less1,1~3,4~8,never
12568,Female,50plus,Married partner,Some college - no degree,Education&Training&Library,$25000 - $37499,never,less1,gt8,4~8,less1
14652,Female,50plus,Divorced,Graduate degree (Masters or Doctorate),Sales & Related,$37500 - $49999,less1,1~3,4~8,1~3,less1
13800,Male,21,Married partner,Some college - no degree,Education&Training&Library,$25000 - $37499,never,never,1~3,1~3,less1
10198,Male,21,Single,Some college - no degree,Sales & Related,$100000 or More,less1,never,gt8,1~3,less1
17859,Female,31,Married partner,Some college - no degree,Computer & Mathematical,$100000 or More,less1,less1,gt8,4~8,less1
18320,Female,41,Married partner,Graduate degree (Masters or Doctorate),Computer & Mathematical,$75000 - $87499,less1,4~8,gt8,1~3,less1
18589,Female,21,Unmarried partner,Bachelors degree,Education&Training&Library,$25000 - $37499,1~3,1~3,less1,1~3,never
16240,Male,41,Divorced,Associates degree,Arts Design Entertainment Sports & Media,$12500 - $24999,4~8,4~8,1~3,1~3,less1
19400,Male,21,Single,Bachelors degree,Unemployed,$100000 or More,4~8,less1,1~3,4~8,1~3
21248,Female,36,Married partner,Bachelors degree,Unemployed,$87500 - $99999,less1,less1,less1,less1,less1
17963,Female,31,Unmarried partner,Bachelors degree,Computer & Mathematical,$62500 - $74999,never,4~8,4~8,gt8,4~8
11265,Male,50plus,Widowed,Some college - no degree,Construction & Extraction,Less than $12500,never,never,less1,1~3,less1
15547,Female,41,Married partner,Bachelors degree,Education&Training&Library,$25000 - $37499,never,1~3,1~3,1~3,1~3
14265,Female,26,Single,Bachelors degree,Education&Training&Library,$50000 - $62499,1~3,never,4~8,1~3,less1
22541,Male,21,Unmarried partner,High School Graduate,Food Preparation & Serving Related,$12500 - $24999,1~3,never,gt8,4~8,1~3
21145,Male,50plus,Single,Bachelors degree,Management,$100000 or More,1~3,4~8,4~8,1~3,less1
17415,Female,26,Single,Bachelors degree,Computer & Mathematical,$25000 - $37499,less1,less1,4~8,1~3,never
14313,Female,46,Single,Some college - no degree,Protective Service,$25000 - $37499,1~3,never,4~8,1~3,1~3
17788,Male,26,Single,High School Graduate,Unemployed,$37500 - $49999,gt8,gt8,gt8,gt8,gt8
11573,Male,31,Single,High School Graduate,Computer & Mathematical,$25000 - $37499,less1,never,1~3,less1,never
11101,Female,41,Married partner,Associates degree,Unemployed,$75000 - $87499,never,less1,4~8,1~3,less1
15879,Male,31,Married partner,Graduate degree (Masters or Doctorate),Management,$87500 - $99999,never,never,4~8,gt8,4~8
20919,Female,21,Unmarried partner,Some college - no degree,Student,Less than $12500,1~3,1~3,4~8,1~3,less1
20241,Female,below21,Unmarried partner,High School Graduate,Student,Less than $12500,never,4~8,1~3,4~8,less1
10020,Female,21,Unmarried partner,Some college - no degree,Unemployed,$37500 - $49999,never,never,,4~8,1~3
11976,Male,36,Married partner,Some college - no degree,Management,$75000 - $87499,1~3,1~3,1~3,4~8,less1
21501,Female,below21,Single,Bachelors degree,Student,$12500 - $24999,gt8,1~3,less1,4~8,gt8
21935,Female,31,Married partner,Some college - no degree,Computer & Mathematical,$100000 or More,less1,less1,gt8,4~8,less1
20573,Female,31,Married partner,Bachelors degree,Unemployed,$37500 - $49999,less1,4~8,4~8,gt8,1~3
13272,Female,31,Married partner,Some college - no degree,Computer & Mathematical,$100000 or More,less1,less1,1~3,gt8,less1
20280,Female,50plus,Single,Bachelors degree,Legal,$25000 - $37499,never,less1,4~8,1~3,less1
15313,Male,21,Unmarried partner,Bachelors degree,Business & Financial,$75000 - $87499,1~3,less1,4~8,1~3,1~3
16279,Male,36,Single,Some college - no degree,Computer & Mathematical,$37500 - $49999,less1,1~3,4~8,1~3,less1
18333,Female,41,Married partner,Graduate degree (Masters or Doctorate),Computer & Mathematical,$75000 - $87499,less1,4~8,gt8,1~3,less1
15928,Female,21,Single,Some college - no degree,Student,Less than $12500,gt8,gt8,1~3,less1,never
13085,Male,26,Single,High School Graduate,Unemployed,$37500 - $49999,gt8,gt8,gt8,gt8,gt8
10710,Male,36,Unmarried partner,Bachelors degree,Education&Training&Library,$25000 - $37499,less1,never,4~8,gt8,less1
20582,Female,31,Married partner,Bachelors degree,Unemployed,$37500 - $49999,less1,4~8,4~8,gt8,1~3
18856,Male,26,Married partner,Bachelors degree,Computer & Mathematical,$50000 - $62499,never,1~3,1~3,1~3,1~3
21874,Female,21,Married partner,Some college - no degree,Sales & Related,$25000 - $37499,less1,1~3,4~8,1~3,never
15490,Female,41,Single,Some college - no degree,Business & Financial,$12500 - $24999,never,less1,less1,less1,never
17313,Female,26,Single,Bachelors degree,Office & Administrative Support,$87500 - $99999,gt8,less1,1~3,1~3,1~3
18921,Male,36,Single,Graduate degree (Masters or Doctorate),Unemployed,Less than $12500,never,less1,less1,4~8,less1
16414,Male,26,Married partner,Bachelors degree,Computer & Mathematical,$100000 or More,1~3,gt8,4~8,gt8,1~3
14993,Female,21,Single,High School Graduate,Unemployed,$100000 or More,never,never,less1,never,never
12773,Female,50plus,Married partner,Bachelors degree,Education&Training&Library,$50000 - $62499,never,never,less1,less1,less1
21323,Female,50plus,Single,Bachelors degree,Food Preparation & Serving Related,$12500 - $24999,never,1~3,4~8,less1,less1
19275,Female,26,Unmarried partner,High School Graduate,Healthcare Support,$25000 - $37499,less1,less1,1~3,1~3,1~3
18863,Male,26,Married partner,Bachelors degree,Computer & Mathematical,$50000 - $62499,never,1~3,1~3,1~3,1~3
15998,Female,50plus,Divorced,Graduate degree (Masters or Doctorate),Retired,$37500 - $49999,never,never,4~8,1~3,never
11612,Female,26,Single,Bachelors degree,Healthcare Practitioners & Technical,$37500 - $49999,1~3,1~3,gt8,gt8,gt8
21325,Female,50plus,Single,Bachelors degree,Food Preparation & Serving Related,$12500 - $24999,never,1~3,4~8,less1,less1
16824,Male,26,Married partner,Bachelors degree,Management,$50000 - $62499,never,less1,less1,1~3,less1
13048,Female,41,Married partner,Graduate degree (Masters or Doctorate),Computer & Mathematical,$75000 - $87499,less1,gt8,4~8,gt8,less1
21028,Female,26,Single,Bachelors degree,Unemployed,$25000 - $37499,1~3,never,1~3,4~8,1~3
14409,Female,21,Single,Bachelors degree,Life Physical Social Science,$37500 - $49999,less1,never,less1,1~3,never
12080,Female,36,Divorced,Graduate degree (Masters or Doctorate),Student,$12500 - $24999,never,gt8,gt8,gt8,1~3
10751,Female,50plus,Married partner,Some college - no degree,Healthcare Support,$25000 - $37499,1~3,1~3,4~8,4~8,1~3
16580,Female,41,Married partner,Bachelors degree,Office & Administrative Support,$62500 - $74999,4~8,1~3,4~8,gt8,less1
12263,Male,21,Single,Graduate degree (Masters or Doctorate),Computer & Mathematical,$50000 - $62499,never,never,1~3,less1,never
16432,Female,26,Single,Some college - no degree,Office & Administrative Support,$37500 - $49999,1~3,never,1~3,1~3,1~3
21539,Male,below21,Single,Some college - no degree,Student,Less than $12500,never,gt8,gt8,gt8,less1
13895,Male,50plus,Single,Bachelors degree,Computer & Mathematical,$75000 - $87499,1~3,never,1~3,4~8,1~3
12658,Female,26,Married partner,Bachelors degree,Architecture & Engineering,$37500 - $49999,never,1~3,1~3,1~3,less1
13516,Female,21,Unmarried partner,Graduate degree (Masters or Doctorate),Student,$25000 - $37499,less1,4~8,1~3,,less1
12597,Male,50plus,Single,Some college - no degree,Office & Administrative Support,$12500 - $24999,1~3,1~3,less1,1~3,less1
13173,Male,50plus,Married partner,Some college - no degree,Retired,$87500 - $99999,never,never,1~3,1~3,less1
13198,Female,26,Married partner,High School Graduate,Arts Design Entertainment Sports & Media,$75000 - $87499,gt8,never,1~3,less1,less1
12853,Female,21,Single,Bachelors degree,Student,$62500 - $74999,never,less1,1~3,less1,less1
20983,Male,21,Single,Some college - no degree,Student,$100000 or More,less1,1~3,1~3,less1,less1
20709,Female,41,Single,Bachelors degree,Healthcare Support,$75000 - $87499,less1,less1,1~3,1~3,less1
19306,Male,below21,Single,High School Graduate,Student,$87500 - $99999,never,less1,1~3,4~8,4~8
19911,Male,21,Unmarried partner,Some college - no degree,Student,$12500 - $24999,never,less1,gt8,4~8,1~3
16791,Female,21,Married partner,Associates degree,Unemployed,$50000 - $62499,never,1~3,1~3,1~3,less1
20129,Female,26,Married partner,Some college - no degree,Office & Administrative Support,$75000 - $87499,never,never,1~3,4~8,less1
21299,Male,21,Single,Bachelors degree,Student,$25000 - $37499,1~3,4~8,1~3,1~3,less1
16605,Male,36,Married partner,Bachelors degree,Sales & Related,$62500 - $74999,never,never,less1,1~3,1~3
18340,Female,41,Married partner,Graduate degree (Masters or Doctorate),Computer & Mathematical,$75000 - $87499,less1,4~8,gt8,1~3,less1
16556,Female,50plus,Divorced,Graduate degree (Masters or Doctorate),Community & Social Services,$25000 - $37499,never,1~3,less1,4~8,less1
15412,Female,26,Unmarried partner,Bachelors degree,Education&Training&Library,$50000 - $62499,1~3,1~3,1~3,1~3,1~3
20343,Male,21,Single,Some college - no degree,Personal Care & Service,$25000 - $37499,1~3,4~8,less1,never,never
21834,Female,50plus,Widowed,Associates degree,Healthcare Support,$12500 - $24999,less1,less1,4~8,1~3,less1
10318,Male,41,Married partner,Graduate degree (Masters or Doctorate),Education&Training&Library,$50000 - $62499,never,1~3,1~3,1~3,less1
19934,Female,21,Single,Bachelors degree,Business & Financial,$50000 - $62499,less1,gt8,gt8,gt8,4~8
16708,Male,21,Single,High School Graduate,Unemployed,Less than $12500,4~8,gt8,less1,1~3,never
22100,Female,21,Unmarried partner,Some college - no degree,Office & Administrative Support,$25000 - $37499,never,never,1~3,never,never
19750,Male,26,Single,Some college - no degree,Unemployed,$87500 - $99999,never,1~3,4~8,less1,never
11742,Male,26,Married partner,Bachelors degree,Computer & Mathematical,$62500 - $74999,never,less1,less1,gt8,1~3
18164,Female,46,Unmarried partner,Graduate degree (Masters or Doctorate),Unemployed,$100000 or More,never,less1,less1,1~3,less1
20478,Female,31,Unmarried partner,Graduate degree (Masters or Doctorate),Student,$25000 - $37499,1~3,less1,1~3,1~3,less1
15735,Male,21,Single,Some college - no degree,Student,$100000 or More,less1,1~3,1~3,1~3,less1
15757,Male,26,Married partner,Some college - no degree,Computer & Mathematical,$50000 - $62499,never,1~3,1~3,less1,1~3
12408,Female,21,Single,Bachelors degree,Arts Design Entertainment Sports & Media,$12500 - $24999,4~8,4~8,4~8,4~8,less1
16249,Male,41,Divorced,Associates degree,Arts Design Entertainment Sports & Media,$12500 - $24999,4~8,4~8,1~3,1~3,less1
17498,Male,26,Single,Bachelors degree,Unemployed,$62500 - $74999,4~8,never,4~8,1~3,less1
11908,Male,31,Single,Bachelors degree,Unemployed,Less than $12500,less1,1~3,gt8,1~3,never
18512,Male,46,Married partner,Graduate degree (Masters or Doctorate),Management,$87500 - $99999,less1,1~3,1~3,less1,1~3
19775,Male,31,Single,Some college - no degree,Office & Administrative Support,$12500 - $24999,4~8,never,gt8,4~8,never
11305,Female,21,Unmarried partner,High School Graduate,Student,$37500 - $49999,never,1~3,1~3,4~8,never
11774,Male,21,Unmarried partner,Some college - no degree,Student,$12500 - $24999,4~8,1~3,4~8,4~8,1~3
14605,Male,36,Married partner,Graduate degree (Masters or Doctorate),Education&Training&Library,$100000 or More,never,never,1~3,1~3,less1
11072,Female,31,Unmarried partner,Some college - no degree,Office & Administrative Support,$75000 - $87499,less1,1~3,gt8,4~8,1~3
12798,Female,26,Single,Associates degree,Unemployed,Less than $12500,1~3,less1,4~8,less1,4~8
11819,Female,50plus,Married partner,Bachelors degree,Retired,$50000 - $62499,never,less1,4~8,1~3,less1
22090,Female,21,Unmarried partner,Some college - no degree,Office & Administrative Support,$25000 - $37499,never,never,1~3,never,never
21163,Female,41,Married partner,Graduate degree (Masters or Doctorate),Computer & Mathematical,$75000 - $87499,less1,4~8,gt8,1~3,less1
14703,Female,21,Unmarried partner,Bachelors degree,Student,$50000 - $62499,less1,never,1~3,4~8,1~3
12447,Female,21,Unmarried partner,Bachelors degree,Management,$12500 - $24999,1~3,gt8,gt8,1~3,less1
17664,Male,36,Single,Some college - no degree,Construction & Extraction,$50000 - $62499,never,never,1~3,less1,less1
14895,Male,31,Married partner,Bachelors degree,Management,$50000 - $62499,never,never,never,less1,
11441,Female,46,Single,Some college - no degree,Sales & Related,$25000 - $37499,never,never,1~3,less1,less1
12102,Female,26,Single,Bachelors degree,Unemployed,Less than $12500,4~8,1~3,gt8,4~8,1~3
18794,Male,26,Married partner,Bachelors degree,Computer & Mathematical,$100000 or More,4~8,,1~3,1~3,less1
20110,Female,36,Married partner,Graduate degree (Masters or Doctorate),Healthcare Practitioners & Technical,$87500 - $99999,1~3,4~8,4~8,4~8,1~3
19061,Male,31,Married partner,Bachelors degree,Computer & Mathematical,$62500 - $74999,never,less1,gt8,4~8,less1
21210,Male,26,Single,Bachelors degree,Student,$12500 - $24999,less1,gt8,gt8,gt8,less1
17478,Female,31,Unmarried partner,Graduate degree (Masters or Doctorate),Life Physical Social Science,$50000 - $62499,never,never,less1,less1,never
16989,Male,36,Married partner,Bachelors degree,Computer & Mathematical,$50000 - $62499,1~3,never,1~3,4~8,never
18225,Male,50plus,Widowed,Some college - no degree,Installation Maintenance & Repair,Less than $12500,never,never,1~3,less1,less1
12832,Female,50plus,Married partner,Bachelors degree,Life Physical Social Science,$50000 - $62499,less1,never,4~8,less1,less1
16772,Female,31,Married partner,Some college - no degree,Arts Design Entertainment Sports & Media,$100000 or More,less1,less1,gt8,4~8,1~3
16746,Male,21,Single,Some college - no degree,Unemployed,$75000 - $87499,1~3,4~8,less1,less1,never
13303,Male,21,Single,Some college - no degree,Student,$50000 - $62499,never,4~8,4~8,1~3,less1
22131,Female,21,Unmarried partner,Bachelors degree,Unemployed,$25000 - $37499,never,never,1~3,1~3,less1
17666,Male,36,Single,Some college - no degree,Construction & Extraction,$50000 - $62499,never,never,1~3,less1,less1
13575,Male,21,Single,Bachelors degree,Arts Design Entertainment Sports & Media,$50000 - $62499,gt8,1~3,,4~8,less1
21414,Male,31,Married partner,Some college - no degree,Sales & Related,$50000 - $62499,1~3,1~3,gt8,4~8,1~3
18169,Female,46,Married partner,Bachelors degree,Construction & Extraction,$12500 - $24999,1~3,4~8,4~8,1~3,less1
13561,Male,21,Single,Bachelors degree,Arts Design Entertainment Sports & Media,$50000 - $62499,gt8,1~3,,4~8,less1
12198,Male,21,Single,Bachelors degree,Sales & Related,$12500 - $24999,1~3,less1,1~3,1~3,less1
18049,Male,31,Single,Some college - no degree,Unemployed,$12500 - $24999,1~3,less1,4~8,less1,never
18703,Male,31,Married partner,Graduate degree (Masters or Doctorate),Business & Financial,$75000 - $87499,1~3,4~8,less1,4~8,less1
22656,Male,31,Married partner,Bachelors degree,Business & Financial,$100000 or More,less1,never,4~8,gt8,less1
10189,Female,26,Single,Associates degree,Healthcare Practitioners & Technical,$25000 - $37499,never,1~3,4~8,1~3,less1
13089,Male,26,Single,High School Graduate,Unemployed,$37500 - $49999,gt8,gt8,gt8,gt8,gt8
12724,Male,21,Single,Bachelors degree,Computer & Mathematical,$87500 - $99999,1~3,1~3,1~3,4~8,1~3
18063,Male,21,Single,Bachelors degree,Management,$25000 - $37499,4~8,never,4~8,gt8,1~3
12591,Male,50plus,Single,Some college - no degree,Office & Administrative Support,$12500 - $24999,1~3,1~3,less1,1~3,less1
21901,Male,26,Single,Some college - no degree,Unemployed,$100000 or More,1~3,never,4~8,1~3,less1
20335,Female,21,Married partner,Associates degree,Unemployed,$50000 - $62499,never,1~3,1~3,1~3,1~3
19721,Female,46,Single,Some college - no degree,Office & Administrative Support,$37500 - $49999,never,1~3,gt8,4~8,1~3
14056,Female,21,Married partner,Some college - no degree,Sales & Related,Less than $12500,never,never,4~8,4~8,less1
12987,Male,21,Unmarried partner,Some college - no degree,Protective Service,$25000 - $37499,gt8,4~8,gt8,4~8,less1
12633,Male,46,Married partner,Bachelors degree,Management,$100000 or More,4~8,never,4~8,4~8,1~3
11907,Male,31,Single,Bachelors degree,Unemployed,Less than $12500,less1,1~3,gt8,1~3,never
18061,Male,21,Single,Bachelors degree,Management,$25000 - $37499,4~8,never,4~8,gt8,1~3
18044,Male,31,Single,Some college - no degree,Unemployed,$12500 - $24999,1~3,less1,4~8,less1,never
21188,Female,below21,Unmarried partner,Some college - no degree,Education&Training&Library,$37500 - $49999,never,gt8,gt8,gt8,less1
22262,Male,26,Single,Some High School,Unemployed,Less than $12500,1~3,gt8,4~8,4~8,4~8
12872,Female,36,Married partner,Bachelors degree,Education&Training&Library,$50000 - $62499,,1~3,4~8,1~3,1~3
20842,Male,21,Single,Some college - no degree,Sales & Related,$37500 - $49999,1~3,gt8,4~8,1~3,less1
16134,Male,26,Married partner,Bachelors degree,Computer & Mathematical,$75000 - $87499,1~3,never,1~3,1~3,less1
18006,Male,26,Unmarried partner,Bachelors degree,Management,$25000 - $37499,1~3,never,4~8,never,1~3
13252,Female,21,Married partner,Some college - no degree,Unemployed,$25000 - $37499,never,less1,1~3,less1,less1
17000,Female,31,Married partner,Graduate degree (Masters or Doctorate),Education&Training&Library,$12500 - $24999,never,1~3,less1,1~3,1~3
19077,Female,26,Married partner,Bachelors degree,Computer & Mathematical,$100000 or More,1~3,1~3,4~8,4~8,less1
10134,Female,26,Married partner,Some college - no degree,Unemployed,$62500 - $74999,never,less1,gt8,4~8,never
14785,Male,50plus,Married partner,Associates degree,Unemployed,$37500 - $49999,less1,less1,less1,4~8,less1
10248,Female,21,Single,High School Graduate,Unemployed,Less than $12500,1~3,never,4~8,1~3,less1
17929,Female,26,Single,Some college - no degree,Healthcare Support,$37500 - $49999,never,less1,1~3,gt8,gt8
11073,Female,31,Unmarried partner,Some college - no degree,Office & Administrative Support,$75000 - $87499,less1,1~3,gt8,4~8,1~3
19181,Male,31,Single,Bachelors degree,Office & Administrative Support,$25000 - $37499,never,less1,less1,less1,less1
13857,Female,21,Single,Some college - no degree,Sales & Related,$12500 - $24999,never,4~8,4~8,4~8,never
18475,Female,50plus,Single,Graduate degree (Masters or Doctorate),Business & Financial,$37500 - $49999,less1,gt8,1~3,1~3,1~3
14202,Male,41,Married partner,Graduate degree (Masters or Doctorate),Computer & Mathematical,$37500 - $49999,less1,less1,gt8,gt8,4~8
16291,Female,31,Married partner,Some college - no degree,Computer & Mathematical,$100000 or More,less1,less1,gt8,4~8,1~3
16127,Male,26,Married partner,Bachelors degree,Computer & Mathematical,$75000 - $87499,1~3,never,1~3,1~3,less1
14834,Female,21,Single,Some college - no degree,Sales & Related,$12500 - $24999,never,1~3,4~8,1~3,never
17205,Female,50plus,Married partner,Some college - no degree,Arts Design Entertainment Sports & Media,$37500 - $49999,never,1~3,never,1~3,less1
17333,Male,36,Unmarried partner,Some college - no degree,Building & Grounds Cleaning & Maintenance,$25000 - $37499,1~3,less1,1~3,1~3,less1
16213,Female,31,Unmarried partner,Some High School,Computer & Mathematical,$12500 - $24999,1~3,1~3,4~8,1~3,less1
13787,Female,26,Single,Some college - no degree,Food Preparation & Serving Related,$25000 - $37499,1~3,1~3,1~3,1~3,less1
10350,Male,31,Married partner,Graduate degree (Masters or Doctorate),Computer & Mathematical,$100000 or More,less1,1~3,4~8,4~8,4~8
15927,Female,21,Single,Some college - no degree,Student,Less than $12500,gt8,gt8,1~3,less1,never
22629,Female,21,Unmarried partner,Bachelors degree,Unemployed,$37500 - $49999,never,4~8,1~3,1~3,less1
15802,Female,31,Unmarried partner,Bachelors degree,Management,$25000 - $37499,4~8,less1,1~3,4~8,1~3
20638,Male,21,Single,Bachelors degree,Protective Service,$25000 - $37499,never,never,gt8,less1,less1
21281,Male,21,Single,Bachelors degree,Student,$25000 - $37499,1~3,4~8,1~3,1~3,less1
19316,Female,46,Divorced,Bachelors degree,Office & Administrative Support,$25000 - $37499,never,1~3,1~3,1~3,1~3
15634,Female,36,Single,Graduate degree (Masters or Doctorate),Education&Training&Library,$25000 - $37499,less1,4~8,4~8,1~3,less1
12435,Female,21,Unmarried partner,Bachelors degree,Management,$12500 - $24999,1~3,gt8,gt8,1~3,less1
12190,Male,21,Single,Bachelors degree,Sales & Related,$12500 - $24999,1~3,less1,1~3,1~3,less1
10969,Female,36,Married partner,Graduate degree (Masters or Doctorate),Healthcare Practitioners & Technical,$87500 - $99999,less1,less1,1~3,4~8,less1
22252,Male,50plus,Married partner,Some college - no degree,Business & Financial,$100000 or More,less1,1~3,4~8,1~3,1~3
22218,Female,21,Married partner,Some college - no degree,Healthcare Support,$12500 - $24999,less1,1~3,1~3,1~3,less1
20850,Male,41,Single,Bachelors degree,Business & Financial,$62500 - $74999,1~3,4~8,1~3,4~8,4~8
22526,Male,21,Unmarried partner,High School Graduate,Food Preparation & Serving Related,$12500 - $24999,1~3,never,gt8,4~8,1~3
20988,Male,21,Single,Some college - no degree,Student,$100000 or More,less1,1~3,1~3,less1,less1
21957,Male,50plus,Married partner,Graduate degree (Masters or Doctorate),Education&Training&Library,$25000 - $37499,less1,1~3,1~3,1~3,less1
20142,Male,31,Married partner,Bachelors degree,Architecture & Engineering,$75000 - $87499,less1,never,1~3,1~3,1~3
16509,Male,36,Unmarried partner,Bachelors degree,Retired,$37500 - $49999,1~3,4~8,4~8,1~3,1~3
19929,Female,21,Single,Bachelors degree,Business & Financial,$50000 - $62499,less1,gt8,gt8,gt8,4~8
13469,Female,below21,Single,Some college - no degree,Student,$100000 or More,never,1~3,4~8,4~8,1~3
14691,Male,31,Married partner,Graduate degree (Masters or Doctorate),Community & Social Services,$37500 - $49999,never,never,less1,less1,never
18255,Female,36,Married partner,Associates degree,Healthcare Practitioners & Technical,$75000 - $87499,less1,never,4~8,1~3,less1
18328,Female,41,Married partner,Graduate degree (Masters or Doctorate),Computer & Mathematical,$75000 - $87499,less1,4~8,gt8,1~3,less1
17910,Male,26,Married partner,Bachelors degree,Education&Training&Library,$50000 - $62499,never,less1,1~3,1~3,1~3
21171,Female,below21,Unmarried partner,Some college - no degree,Education&Training&Library,$37500 - $49999,never,gt8,gt8,gt8,less1
12351,Female,31,Married partner,Some college - no degree,Education&Training&Library,$50000 - $62499,less1,1~3,4~8,4~8,less1
15070,Male,36,Married partner,Some college - no degree,Healthcare Practitioners & Technical,$25000 - $37499,never,gt8,4~8,less1,less1
18730,Female,31,Married partner,Some college - no degree,Arts Design Entertainment Sports & Media,$100000 or More,less1,less1,gt8,4~8,less1
20888,Female,below21,Unmarried partner,High School Graduate,Student,Less than $12500,never,4~8,1~3,4~8,less1
13456,Female,below21,Single,Some college - no degree,Student,$100000 or More,never,1~3,4~8,4~8,1~3
11861,Male,21,Single,Bachelors degree,Architecture & Engineering,$50000 - $62499,1~3,never,less1,4~8,never
21146,Female,41,Married partner,Graduate degree (Masters or Doctorate),Computer & Mathematical,$75000 - $87499,less1,4~8,gt8,1~3,less1
18920,Male,36,Single,Graduate degree (Masters or Doctorate),Unemployed,Less than $12500,never,less1,less1,4~8,less1
16613,Male,36,Married partner,Bachelors degree,Sales & Related,$62500 - $74999,never,never,less1,1~3,1~3
22373,Male,26,Single,Bachelors degree,Unemployed,$12500 - $24999,1~3,less1,4~8,1~3,less1
14003,Female,50plus,Married partner,Graduate degree (Masters or Doctorate),Education&Training&Library,$100000 or More,4~8,gt8,4~8,4~8,4~8
15527,Female,50plus,Single,High School Graduate,Management,$37500 - $49999,less1,less1,less1,less1,1~3
15076,Male,36,Married partner,Some college - no degree,Healthcare Practitioners & Technical,$25000 - $37499,never,gt8,4~8,less1,less1
20295,Female,31,Married partner,Bachelors degree,Unemployed,$100000 or More,never,4~8,4~8,4~8,less1
13347,Male,46,Unmarried partner,Bachelors degree,Business & Financial,$62500 - $74999,never,less1,4~8,1~3,never
21409,Male,50plus,Married partner,Graduate degree (Masters or Doctorate),Retired,$50000 - $62499,less1,less1,less1,less1,less1
14251,Male,21,Single,Bachelors degree,Student,$100000 or More,1~3,4~8,1~3,4~8,1~3
19780,Male,31,Single,Some college - no degree,Office & Administrative Support,$12500 - $24999,4~8,never,gt8,4~8,never
14477,Female,36,Single,Graduate degree (Masters or Doctorate),Education&Training&Library,$37500 - $49999,less1,never,4~8,1~3,less1
22337,Male,31,Married partner,Some college - no degree,Computer & Mathematical,$37500 - $49999,never,never,1~3,1~3,1~3
19603,Female,21,Unmarried partner,Bachelors degree,Community & Social Services,$62500 - $74999,less1,never,1~3,less1,never
13682,Male,26,Married partner,Bachelors degree,Life Physical Social Science,$37500 - $49999,less1,1~3,1~3,1~3,less1
22485,Female,26,Unmarried partner,Some college - no degree,Office & Administrative Support,$50000 - $62499,1~3,never,4~8,4~8,less1
20294,Female,31,Married partner,Bachelors degree,Unemployed,$100000 or More,never,4~8,4~8,4~8,less1
22683,Male,26,Single,Bachelors degree,Sales & Related,$75000 - $87499,never,never,1~3,4~8,1~3
16186,Female,21,Unmarried partner,Some college - no degree,Sales & Related,$25000 - $37499,never,less1,less1,less1,never
17727,Female,31,Single,Bachelors degree,Unemployed,$100000 or More,never,4~8,gt8,4~8,less1
19582,Female,31,Unmarried partner,Bachelors degree,Computer & Mathematical,$62500 - $74999,never,1~3,4~8,1~3,1~3
21647,Male,21,Single,Some college - no degree,Student,Less than $12500,less1,less1,less1,1~3,1~3
10532,Male,50plus,Married partner,Graduate degree (Masters or Doctorate),Sales & Related,$100000 or More,1~3,1~3,4~8,4~8,less1
11347,Male,26,Unmarried partner,Some college - no degree,Sales & Related,$50000 - $62499,1~3,4~8,gt8,1~3,1~3
21178,Female,below21,Unmarried partner,Some college - no degree,Education&Training&Library,$37500 - $49999,never,gt8,gt8,gt8,less1
17209,Female,50plus,Married partner,Some college - no degree,Arts Design Entertainment Sports & Media,$37500 - $49999,never,1~3,never,1~3,less1
16620,Male,36,Married partner,Bachelors degree,Sales & Related,$62500 - $74999,never,never,less1,1~3,1~3
17765,Male,21,Unmarried partner,Bachelors degree,Business & Financial,$62500 - $74999,4~8,1~3,4~8,1~3,less1
18292,Male,21,Single,Associates degree,Computer & Mathematical,$37500 - $49999,never,less1,1~3,less1,less1
12221,Male,36,Married partner,Associates degree,Protective Service,$100000 or More,4~8,never,4~8,4~8,1~3
18022,Male,21,Single,Bachelors degree,Unemployed,$50000 - $62499,less1,1~3,1~3,less1,less1
21930,Female,below21,Single,Some college - no degree,Student,$100000 or More,never,less1,1~3,1~3,1~3
21275,Male,31,Single,Some college - no degree,Transportation & Material Moving,$50000 - $62499,1~3,4~8,4~8,4~8,1~3
15149,Male,36,Married partner,Bachelors degree,Arts Design Entertainment Sports & Media,$100000 or More,less1,1~3,4~8,1~3,1~3
16147,Male,46,Married partner,Graduate degree (Masters or Doctorate),Retired,$50000 - $62499,never,never,less1,4~8,1~3
15541,Female,50plus,Single,High School Graduate,Management,$37500 - $49999,less1,less1,less1,less1,1~3
14180,Male,26,Single,Associates degree,Unemployed,Less than $12500,less1,never,1~3,less1,less1
10678,Male,36,Married partner,Some college - no degree,Management,$50000 - $62499,less1,1~3,4~8,1~3,1~3
16692,Male,21,Single,High School Graduate,Unemployed,Less than $12500,4~8,gt8,less1,1~3,never
18042,Male,31,Single,Some college - no degree,Unemployed,$12500 - $24999,1~3,less1,4~8,less1,never
15432,Female,26,Single,Bachelors degree,Personal Care & Service,$12500 - $24999,never,,1~3,1~3,less1
18713,Male,31,Married partner,Graduate degree (Masters or Doctorate),Business & Financial,$75000 - $87499,1~3,4~8,less1,4~8,less1
18144,Male,31,Single,Some college - no degree,Office & Administrative Support,$12500 - $24999,4~8,never,gt8,1~3,never
21630,Male,41,Married partner,Some college - no degree,Business & Financial,$100000 or More,less1,less1,1~3,1~3,less1
21700,Female,50plus,Married partner,High School Graduate,Sales & Related,$37500 - $49999,never,gt8,4~8,1~3,less1
14236,Male,26,Single,Graduate degree (Masters or Doctorate),Management,$25000 - $37499,4~8,gt8,gt8,4~8,less1
10106,Male,21,Single,Associates degree,Student,$12500 - $24999,1~3,less1,1~3,less1,1~3
18618,Female,50plus,Married partner,Associates degree,Office & Administrative Support,$75000 - $87499,1~3,4~8,,4~8,4~8
20937,Male,31,Married partner,Bachelors degree,Computer & Mathematical,$75000 - $87499,1~3,never,less1,less1,less1
21019,Female,26,Single,Bachelors degree,Unemployed,$25000 - $37499,1~3,never,1~3,4~8,1~3
15239,Female,26,Unmarried partner,Graduate degree (Masters or Doctorate),Legal,$37500 - $49999,less1,less1,1~3,less1,never
17357,Male,26,Married partner,Bachelors degree,Education&Training&Library,$37500 - $49999,never,,1~3,1~3,less1
15279,Male,50plus,Married partner,Graduate degree (Masters or Doctorate),Retired,$62500 - $74999,never,4~8,1~3,4~8,less1
14449,Male,below21,Unmarried partner,Some college - no degree,Student,$12500 - $24999,less1,gt8,4~8,1~3,less1
17601,Female,36,Unmarried partner,Some college - no degree,Computer & Mathematical,$12500 - $24999,never,1~3,less1,1~3,4~8
21946,Female,31,Married partner,Some college - no degree,Computer & Mathematical,$100000 or More,less1,less1,gt8,4~8,less1
11798,Male,36,Unmarried partner,Some college - no degree,Unemployed,$87500 - $99999,1~3,less1,4~8,1~3,less1
19233,Male,50plus,Married partner,Some college - no degree,Office & Administrative Support,$62500 - $74999,1~3,never,1~3,1~3,less1
19015,Male,below21,Single,Some college - no degree,Food Preparation & Serving Related,$87500 - $99999,less1,gt8,1~3,1~3,less1
13447,Male,26,Single,Associates degree,Office & Administrative Support,$37500 - $49999,4~8,less1,1~3,4~8,1~3
20553,Male,26,Single,Some High School,Installation Maintenance & Repair,$12500 - $24999,4~8,1~3,1~3,4~8,4~8
22625,Female,21,Unmarried partner,Bachelors degree,Unemployed,$37500 - $49999,never,4~8,1~3,1~3,less1
16510,Male,36,Unmarried partner,Bachelors degree,Retired,$37500 - $49999,1~3,4~8,4~8,1~3,1~3
20861,Male,41,Single,Bachelors degree,Business & Financial,$62500 - $74999,1~3,4~8,1~3,4~8,4~8
10165,Male,26,Single,Some college - no degree,Healthcare Support,$37500 - $49999,gt8,gt8,gt8,gt8,gt8
21124,Male,50plus,Single,Bachelors degree,Management,$100000 or More,1~3,4~8,4~8,1~3,less1
19801,Male,46,Married partner,Some college - no degree,Unemployed,$12500 - $24999,never,less1,4~8,1~3,less1
14661,Female,below21,Unmarried partner,Some college - no degree,Student,$25000 - $37499,never,1~3,1~3,4~8,1~3
17791,Male,26,Single,High School Graduate,Unemployed,$37500 - $49999,gt8,gt8,gt8,gt8,gt8
18602,Female,21,Unmarried partner,Bachelors degree,Education&Training&Library,$25000 - $37499,1~3,1~3,less1,1~3,never
17876,Female,50plus,Single,Bachelors degree,Office & Administrative Support,$37500 - $49999,less1,4~8,1~3,1~3,1~3
17915,Male,26,Married partner,Bachelors degree,Education&Training&Library,$50000 - $62499,never,less1,1~3,1~3,1~3
10987,Female,36,Married partner,Graduate degree (Masters or Doctorate),Healthcare Practitioners & Technical,$87500 - $99999,less1,less1,1~3,4~8,less1
18723,Female,31,Married partner,Some college - no degree,Arts Design Entertainment Sports & Media,$100000 or More,less1,less1,gt8,4~8,less1
13685,Male,26,Married partner,Bachelors degree,Life Physical Social Science,$37500 - $49999,less1,1~3,1~3,1~3,less1
20036,Male,26,Married partner,Graduate degree (Masters or Doctorate),Community & Social Services,$100000 or More,less1,gt8,4~8,gt8,1~3
22106,Female,21,Unmarried partner,Some college - no degree,Office & Administrative Support,$25000 - $37499,never,never,1~3,never,never
14583,Female,26,Unmarried partner,Graduate degree (Masters or Doctorate),Education&Training&Library,$37500 - $49999,never,1~3,1~3,1~3,less1
18430,Male,41,Married partner,Associates degree,Farming Fishing & Forestry,$25000 - $37499,never,never,never,1~3,never
11399,Female,50plus,Widowed,High School Graduate,Retired,$12500 - $24999,never,less1,1~3,4~8,less1
10009,Female,21,Unmarried partner,Some college - no degree,Unemployed,$37500 - $49999,never,never,,4~8,1~3
13876,Female,26,Married partner,Bachelors degree,Healthcare Practitioners & Technical,$100000 or More,never,1~3,1~3,4~8,less1
12655,Female,26,Married partner,Bachelors degree,Architecture & Engineering,$37500 - $49999,never,1~3,1~3,1~3,less1
18420,Male,26,Single,Bachelors degree,Food Preparation & Serving Related,$50000 - $62499,4~8,1~3,4~8,1~3,4~8
12406,Female,50plus,Married partner,Some college - no degree,Transportation & Material Moving,$75000 - $87499,never,never,4~8,gt8,less1
19404,Female,50plus,Divorced,Some college - no degree,Unemployed,$37500 - $49999,never,never,4~8,1~3,less1
22212,Female,26,Unmarried partner,Some college - no degree,Computer & Mathematical,$50000 - $62499,4~8,gt8,1~3,1~3,1~3
12848,Female,21,Single,Bachelors degree,Student,$62500 - $74999,never,less1,1~3,less1,less1
18193,Male,31,Single,Associates degree,Installation Maintenance & Repair,$37500 - $49999,1~3,4~8,1~3,1~3,less1
12445,Female,21,Unmarried partner,Bachelors degree,Management,$12500 - $24999,1~3,gt8,gt8,1~3,less1
11458,Male,46,Married partner,Graduate degree (Masters or Doctorate),Management,$87500 - $99999,less1,1~3,1~3,less1,1~3
21088,Male,50plus,Divorced,Some college - no degree,Production Occupations,$37500 - $49999,1~3,4~8,4~8,gt8,4~8
15077,Male,36,Married partner,Some college - no degree,Healthcare Practitioners & Technical,$25000 - $37499,never,gt8,4~8,less1,less1
22026,Male,21,Single,Bachelors degree,Legal,$87500 - $99999,1~3,less1,less1,less1,less1
12064,Female,36,Married partner,Graduate degree (Masters or Doctorate),Arts Design Entertainment Sports & Media,$50000 - $62499,4~8,gt8,4~8,4~8,1~3
13821,Male,21,Married partner,Some college - no degree,Education&Training&Library,$25000 - $37499,never,never,1~3,1~3,less1
17529,Female,36,Single,Some college - no degree,Healthcare Practitioners & Technical,$12500 - $24999,never,less1,gt8,4~8,less1
12788,Female,26,Single,Associates degree,Unemployed,Less than $12500,1~3,less1,4~8,less1,4~8
16068,Female,26,Single,High School Graduate,Unemployed,Less than $12500,less1,less1,4~8,1~3,never
18962,Female,21,Unmarried partner,Some college - no degree,Food Preparation & Serving Related,Less than $12500,never,1~3,4~8,,4~8
14820,Female,31,Single,Bachelors degree,Community & Social Services,$50000 - $62499,4~8,1~3,1~3,1~3,less1
20548,Male,26,Single,Some High School,Installation Maintenance & Repair,$12500 - $24999,4~8,1~3,1~3,4~8,4~8
17777,Male,26,Single,High School Graduate,Unemployed,$37500 - $49999,gt8,gt8,gt8,gt8,gt8
12846,Female,21,Single,Bachelors degree,Student,$62500 - $74999,never,less1,1~3,less1,less1
21950,Female,31,Married partner,Some college - no degree,Computer & Mathematical,$100000 or More,less1,less1,gt8,4~8,less1
12155,Female,36,Married partner,Graduate degree (Masters or Doctorate),Business & Financial,$100000 or More,never,4~8,1~3,4~8,1~3
21401,Male,50plus,Married partner,Graduate degree (Masters or Doctorate),Retired,$50000 - $62499,less1,less1,less1,less1,less1
20924,Female,21,Unmarried partner,Some college - no degree,Student,Less than $12500,1~3,1~3,4~8,1~3,less1
17435,Female,26,Single,Bachelors degree,Computer & Mathematical,$25000 - $37499,less1,less1,4~8,1~3,never
13734,Female,26,Unmarried partner,Some college - no degree,Food Preparation & Serving Related,$25000 - $37499,less1,less1,1~3,less1,1~3
22411,Female,36,Married partner,Bachelors degree,Education&Training&Library,$37500 - $49999,less1,,1~3,1~3,1~3
18043,Male,31,Single,Some college - no degree,Unemployed,$12500 - $24999,1~3,less1,4~8,less1,never
17155,Male,31,Married partner,Some college - no degree,Construction & Extraction,$37500 - $49999,never,never,4~8,4~8,1~3
13033,Male,21,Single,Some college - no degree,Student,$12500 - $24999,less1,never,less1,less1,less1
21351,Male,31,Single,Associates degree,Unemployed,Less than $12500,less1,less1,less1,1~3,less1
14363,Female,below21,Single,High School Graduate,Unemployed,Less than $12500,never,never,4~8,4~8,never
16110,Male,21,Unmarried partner,Some college - no degree,Food Preparation & Serving Related,$12500 - $24999,1~3,less1,1~3,1~3,never
19188,Male,21,Single,Bachelors degree,Legal,$87500 - $99999,1~3,never,less1,less1,less1
15792,Female,31,Unmarried partner,Bachelors degree,Management,$25000 - $37499,4~8,less1,1~3,4~8,1~3
17729,Male,21,Unmarried partner,Some college - no degree,Sales & Related,$50000 - $62499,less1,never,1~3,4~8,1~3
15439,Female,50plus,Single,Bachelors degree,Unemployed,Less than $12500,never,never,less1,less1,never
16768,Female,31,Married partner,Some college - no degree,Arts Design Entertainment Sports & Media,$100000 or More,less1,less1,gt8,4~8,1~3
16739,Male,21,Single,Some college - no degree,Unemployed,$75000 - $87499,1~3,4~8,less1,less1,never
14070,Female,36,Married partner,Some college - no degree,Computer & Mathematical,$25000 - $37499,never,never,1~3,less1,never
10813,Male,46,Married partner,Some college - no degree,Computer & Mathematical,$62500 - $74999,never,1~3,4~8,1~3,1~3
17917,Male,26,Married partner,Bachelors degree,Education&Training&Library,$50000 - $62499,never,less1,1~3,1~3,1~3
22593,Female,50plus,Divorced,Some college - no degree,Personal Care & Service,$12500 - $24999,never,less1,1~3,1~3,less1
14443,Male,below21,Unmarried partner,Some college - no degree,Student,$12500 - $24999,less1,gt8,4~8,1~3,less1
15882,Male,31,Married partner,Graduate degree (Masters or Doctorate),Management,$87500 - $99999,never,never,4~8,gt8,4~8
18534,Female,21,Married partner,Some college - no degree,Student,$12500 - $24999,1~3,1~3,4~8,4~8,never
15265,Male,50plus,Married partner,Graduate degree (Masters or Doctorate),Retired,$62500 - $74999,never,4~8,1~3,4~8,less1
14402,Female,21,Single,Bachelors degree,Life Physical Social Science,$37500 - $49999,less1,never,less1,1~3,never
19203,Male,21,Single,Bachelors degree,Legal,$87500 - $99999,1~3,never,less1,less1,less1
21751,Female,21,Unmarried partner,Some college - no degree,Unemployed,$87500 - $99999,1~3,gt8,4~8,4~8,less1
15522,Female,50plus,Single,High School Graduate,Management,$37500 - $49999,less1,less1,less1,less1,1~3
18857,Male,26,Married partner,Bachelors degree,Computer & Mathematical,$50000 - $62499,never,1~3,1~3,1~3,1~3
22449,Female,50plus,Married partner,Bachelors degree,Unemployed,$37500 - $49999,never,less1,1~3,1~3,1~3
20132,Female,26,Married partner,Some college - no degree,Office & Administrative Support,$75000 - $87499,never,never,1~3,4~8,less1
12105,Female,26,Single,Bachelors degree,Unemployed,Less than $12500,4~8,1~3,gt8,4~8,1~3
10847,Male,50plus,Married partner,Bachelors degree,Retired,$87500 - $99999,never,never,less1,1~3,less1
22576,Male,21,Single,Some college - no degree,Student,$12500 - $24999,never,never,1~3,1~3,less1
21842,Female,50plus,Widowed,Associates degree,Healthcare Support,$12500 - $24999,less1,less1,4~8,1~3,less1
14560,Female,31,Married partner,Some college - no degree,Office & Administrative Support,$37500 - $49999,1~3,1~3,4~8,1~3,less1
12717,Male,21,Single,Bachelors degree,Computer & Mathematical,$87500 - $99999,1~3,1~3,1~3,4~8,1~3
18325,Female,41,Married partner,Graduate degree (Masters or Doctorate),Computer & Mathematical,$75000 - $87499,less1,4~8,gt8,1~3,less1
20997,Female,36,Single,High School Graduate,Food Preparation & Serving Related,$12500 - $24999,less1,less1,1~3,less1,less1
15685,Male,21,Single,High School Graduate,Student,$50000 - $62499,never,1~3,gt8,4~8,never
13949,Male,26,Married partner,Bachelors degree,Computer & Mathematical,$25000 - $37499,less1,1~3,1~3,1~3,1~3
20417,Female,26,Unmarried partner,Bachelors degree,Community & Social Services,$37500 - $49999,less1,never,1~3,less1,never
17546,Female,36,Single,Some college - no degree,Healthcare Practitioners & Technical,$12500 - $24999,never,less1,gt8,4~8,less1
19401,Male,21,Single,Bachelors degree,Unemployed,$100000 or More,4~8,less1,1~3,4~8,1~3
11922,Female,31,Single,Bachelors degree,Transportation & Material Moving,$25000 - $37499,less1,1~3,4~8,gt8,less1
16040,Female,26,Unmarried partner,Some college - no degree,Management,$37500 - $49999,less1,less1,less1,1~3,less1
10091,Male,21,Single,Associates degree,Student,$12500 - $24999,1~3,less1,1~3,less1,1~3
10058,Male,46,Single,Some college - no degree,Student,$12500 - $24999,never,4~8,1~3,1~3,never
10486,Male,26,Single,Some college - no degree,Unemployed,$87500 - $99999,never,1~3,4~8,less1,never
11782,Male,21,Unmarried partner,Some college - no degree,Student,$12500 - $24999,4~8,1~3,4~8,4~8,1~3
15974,Male,36,Married partner,Graduate degree (Masters or Doctorate),Sales & Related,$100000 or More,1~3,less1,1~3,4~8,1~3
17772,Male,21,Unmarried partner,Bachelors degree,Business & Financial,$62500 - $74999,4~8,1~3,4~8,1~3,less1
11763,Female,26,Single,Bachelors degree,Education&Training&Library,$25000 - $37499,never,1~3,less1,1~3,less1
18488,Female,50plus,Single,Graduate degree (Masters or Doctorate),Business & Financial,$37500 - $49999,less1,gt8,1~3,1~3,1~3
18437,Male,41,Married partner,Associates degree,Farming Fishing & Forestry,$25000 - $37499,never,never,never,1~3,never
17980,Male,36,Married partner,Bachelors degree,Business & Financial,$75000 - $87499,less1,less1,4~8,1~3,1~3
18742,Female,41,Married partner,Graduate degree (Masters or Doctorate),Business & Financial,$87500 - $99999,less1,1~3,4~8,1~3,less1
15403,Female,26,Unmarried partner,Bachelors degree,Education&Training&Library,$50000 - $62499,1~3,1~3,1~3,1~3,1~3
18346,Male,26,Unmarried partner,Bachelors degree,Sales & Related,$75000 - $87499,never,never,1~3,4~8,1~3
19422,Female,50plus,Divorced,Some college - no degree,Unemployed,$37500 - $49999,never,never,4~8,1~3,less1
15064,Male,36,Married partner,Some college - no degree,Healthcare Practitioners & Technical,$25000 - $37499,never,gt8,4~8,less1,less1
16034,Female,26,Unmarried partner,Some college - no degree,Management,$37500 - $49999,less1,less1,less1,1~3,less1
22030,Male,21,Single,Bachelors degree,Legal,$87500 - $99999,1~3,less1,less1,less1,less1
19325,Female,46,Divorced,Bachelors degree,Office & Administrative Support,$25000 - $37499,never,1~3,1~3,1~3,1~3
21175,Female,below21,Unmarried partner,Some college - no degree,Education&Training&Library,$37500 - $49999,never,gt8,gt8,gt8,less1
10121,Male,26,Unmarried partner,Bachelors degree,Student,$50000 - $62499,1~3,gt8,4~8,1~3,less1
12830,Female,50plus,Married partner,Bachelors degree,Life Physical Social Science,$50000 - $62499,less1,never,4~8,less1,less1
13655,Female,31,Married partner,Bachelors degree,Sales & Related,$12500 - $24999,less1,1~3,1~3,1~3,less1
20865,Male,41,Single,Bachelors degree,Business & Financial,$62500 - $74999,1~3,4~8,1~3,4~8,4~8
12754,Male,36,Single,Some college - no degree,Sales & Related,$50000 - $62499,never,never,less1,4~8,less1
18711,Male,31,Married partner,Graduate degree (Masters or Doctorate),Business & Financial,$75000 - $87499,1~3,4~8,less1,4~8,less1
18081,Female,50plus,Married partner,Some college - no degree,Education&Training&Library,$50000 - $62499,less1,never,4~8,1~3,less1
11177,Male,26,Married partner,Bachelors degree,Computer & Mathematical,$100000 or More,1~3,gt8,4~8,gt8,4~8
19895,Female,36,Divorced,Associates degree,Computer & Mathematical,$12500 - $24999,less1,4~8,1~3,less1,less1
15023,Female,31,Married partner,Some college - no degree,Unemployed,$50000 - $62499,never,never,1~3,gt8,1~3
12941,Male,50plus,Married partner,Some college - no degree,Computer & Mathematical,$37500 - $49999,1~3,less1,4~8,1~3,1~3
18902,Male,26,Unmarried partner,Associates degree,Management,$12500 - $24999,less1,less1,4~8,1~3,less1
12847,Female,21,Single,Bachelors degree,Student,$62500 - $74999,never,less1,1~3,less1,less1
20707,Female,41,Single,Bachelors degree,Healthcare Support,$75000 - $87499,less1,less1,1~3,1~3,less1
18080,Female,50plus,Married partner,Some college - no degree,Education&Training&Library,$50000 - $62499,less1,never,4~8,1~3,less1
14931,Female,21,Unmarried partner,Associates degree,Food Preparation & Serving Related,$12500 - $24999,never,never,less1,1~3,never
12578,Female,50plus,Married partner,Some college - no degree,Education&Training&Library,$25000 - $37499,never,less1,gt8,4~8,less1
12553,Female,26,Single,Some college - no degree,Office & Administrative Support,$37500 - $49999,4~8,4~8,4~8,4~8,less1
12861,Female,21,Single,Bachelors degree,Student,$62500 - $74999,never,less1,1~3,less1,less1
16001,Female,50plus,Divorced,Graduate degree (Masters or Doctorate),Retired,$37500 - $49999,never,never,4~8,1~3,never
16629,Male,26,Single,Bachelors degree,Business & Financial,$100000 or More,4~8,1~3,1~3,1~3,less1
16368,Female,26,Unmarried partner,Bachelors degree,Management,$62500 - $74999,1~3,gt8,gt8,gt8,gt8
15264,Male,50plus,Married partner,Graduate degree (Masters or Doctorate),Retired,$62500 - $74999,never,4~8,1~3,4~8,less1
17997,Male,26,Unmarried partner,Bachelors degree,Management,$25000 - $37499,1~3,never,4~8,never,1~3
19691,Male,41,Married partner,Some college - no degree,Production Occupations,$25000 - $37499,less1,never,gt8,1~3,1~3
19140,Male,below21,Single,Some college - no degree,Student,$25000 - $37499,never,never,less1,never,
15622,Male,26,Single,Associates degree,Management,$37500 - $49999,4~8,1~3,4~8,1~3,less1
15946,Female,21,Married partner,Some college - no degree,Unemployed,$37500 - $49999,less1,less1,1~3,1~3,1~3
12061,Female,36,Married partner,Graduate degree (Masters or Doctorate),Arts Design Entertainment Sports & Media,$50000 - $62499,4~8,gt8,4~8,4~8,1~3
20908,Female,21,Unmarried partner,Some college - no degree,Student,Less than $12500,1~3,1~3,4~8,1~3,less1
20472,Female,31,Unmarried partner,Graduate degree (Masters or Doctorate),Student,$25000 - $37499,1~3,less1,1~3,1~3,less1
22529,Male,21,Unmarried partner,High School Graduate,Food Preparation & Serving Related,$12500 - $24999,1~3,never,gt8,4~8,1~3
17532,Female,36,Single,Some college - no degree,Healthcare Practitioners & Technical,$12500 - $24999,never,less1,gt8,4~8,less1
21702,Female,50plus,Married partner,High School Graduate,Sales & Related,$37500 - $49999,never,gt8,4~8,1~3,less1
21835,Female,50plus,Widowed,Associates degree,Healthcare Support,$12500 - $24999,less1,less1,4~8,1~3,less1
22147,Female,21,Unmarried partner,Bachelors degree,Unemployed,$25000 - $37499,never,never,1~3,1~3,less1
13102,Male,26,Married partner,Bachelors degree,Computer & Mathematical,$87500 - $99999,never,less1,1~3,1~3,less1
15038,Male,21,Single,Bachelors degree,Computer & Mathematical,$12500 - $24999,less1,1~3,gt8,gt8,1~3
21021,Female,26,Single,Bachelors degree,Unemployed,$25000 - $37499,1~3,never,1~3,4~8,1~3
14110,Male,31,Married partner,Bachelors degree,Computer & Mathematical,$75000 - $87499,never,never,1~3,1~3,never
17056,Male,21,Unmarried partner,High School Graduate,Sales & Related,$37500 - $49999,never,less1,4~8,4~8,less1
21056,Male,46,Single,Some college - no degree,Sales & Related,Less than $12500,1~3,1~3,4~8,4~8,4~8
12014,Female,50plus,Married partner,Associates degree,Legal,$100000 or More,less1,never,gt8,4~8,1~3
10788,Female,46,Married partner,Some college - no degree,Sales & Related,$25000 - $37499,less1,less1,1~3,less1,never
13870,Female,26,Married partner,Bachelors degree,Healthcare Practitioners & Technical,$100000 or More,never,1~3,1~3,4~8,less1
10369,Female,31,Married partner,Bachelors degree,Life Physical Social Science,$37500 - $49999,never,less1,4~8,4~8,less1
21826,Female,50plus,Widowed,Associates degree,Healthcare Support,$12500 - $24999,less1,less1,4~8,1~3,less1
16311,Female,31,Married partner,Graduate degree (Masters or Doctorate),Computer & Mathematical,$62500 - $74999,less1,4~8,4~8,1~3,never
11091,Male,41,Married partner,Some college - no degree,Arts Design Entertainment Sports & Media,$25000 - $37499,never,1~3,gt8,4~8,less1
13241,Female,31,Single,High School Graduate,Healthcare Support,$25000 - $37499,never,1~3,1~3,1~3,1~3
13053,Female,41,Married partner,Graduate degree (Masters or Doctorate),Computer & Mathematical,$75000 - $87499,less1,gt8,4~8,gt8,less1
10962,Male,21,Married partner,Bachelors degree,Architecture & Engineering,$75000 - $87499,less1,less1,1~3,4~8,less1
20793,Female,31,Single,High School Graduate,Healthcare Support,$25000 - $37499,never,1~3,1~3,1~3,less1
10222,Female,21,Unmarried partner,Bachelors degree,Management,$87500 - $99999,1~3,1~3,1~3,1~3,1~3
13423,Female,46,Married partner,Some college - no degree,Arts Design Entertainment Sports & Media,$25000 - $37499,less1,4~8,1~3,1~3,less1
16332,Female,36,Divorced,Graduate degree (Masters or Doctorate),Student,$12500 - $24999,never,gt8,gt8,gt8,1~3
19267,Male,26,Single,Graduate degree (Masters or Doctorate),Computer & Mathematical,$62500 - $74999,1~3,gt8,4~8,4~8,1~3
20636,Male,21,Single,Bachelors degree,Protective Service,$25000 - $37499,never,never,gt8,less1,less1
16019,Female,26,Single,Bachelors degree,Unemployed,Less than $12500,4~8,1~3,gt8,4~8,1~3
19239,Male,50plus,Married partner,Some college - no degree,Office & Administrative Support,$62500 - $74999,1~3,never,1~3,1~3,less1
18331,Female,41,Married partner,Graduate degree (Masters or Doctorate),Computer & Mathematical,$75000 - $87499,less1,4~8,gt8,1~3,less1
21297,Male,21,Single,Bachelors degree,Student,$25000 - $37499,1~3,4~8,1~3,1~3,less1
17647,Male,50plus,Married partner,Associates degree,Retired,$37500 - $49999,never,never,4~8,4~8,never
10672,Male,31,Married partner,Some college - no degree,Construction & Extraction,$100000 or More,1~3,never,4~8,1~3,1~3
18175,Female,46,Married partner,Bachelors degree,Construction & Extraction,$12500 - $24999,1~3,4~8,4~8,1~3,less1
18417,Male,26,Single,Bachelors degree,Food Preparation & Serving Related,$50000 - $62499,4~8,1~3,4~8,1~3,4~8
11696,Male,46,Single,Bachelors degree,Management,$100000 or More,never,less1,4~8,1~3,never
21273,Male,31,Single,Some college - no degree,Transportation & Material Moving,$50000 - $62499,1~3,4~8,4~8,4~8,1~3
19893,Female,36,Divorced,Associates degree,Computer & Mathematical,$12500 - $24999,less1,4~8,1~3,less1,less1
19122,Female,21,Married partner,Some college - no degree,Student,Less than $12500,less1,gt8,4~8,1~3,1~3
16514,Male,36,Unmarried partner,Bachelors degree,Retired,$37500 - $49999,1~3,4~8,4~8,1~3,1~3
13361,Male,26,Single,High School Graduate,Sales & Related,$12500 - $24999,never,never,4~8,1~3,never
21474,Female,41,Married partner,Some college - no degree,Education&Training&Library,$100000 or More,never,gt8,gt8,gt8,4~8
13256,Female,21,Married partner,Some college - no degree,Unemployed,$25000 - $37499,never,less1,1~3,less1,less1
11308,Female,21,Unmarried partner,High School Graduate,Student,$37500 - $49999,never,1~3,1~3,4~8,never
17385,Male,below21,Unmarried partner,Some college - no degree,Student,$87500 - $99999,never,1~3,1~3,1~3,less1
13206,Female,41,Married partner,Bachelors degree,Business & Financial,$100000 or More,1~3,less1,less1,1~3,1~3
16199,Female,31,Unmarried partner,Some High School,Computer & Mathematical,$12500 - $24999,1~3,1~3,4~8,1~3,less1
18370,Female,50plus,Married partner,Bachelors degree,Education&Training&Library,$12500 - $24999,less1,4~8,4~8,gt8,less1
21883,Female,21,Married partner,Some college - no degree,Sales & Related,$25000 - $37499,less1,1~3,4~8,1~3,never
18329,Female,41,Married partner,Graduate degree (Masters or Doctorate),Computer & Mathematical,$75000 - $87499,less1,4~8,gt8,1~3,less1
13180,Male,50plus,Married partner,Some college - no degree,Retired,$87500 - $99999,never,never,1~3,1~3,less1
22238,Female,21,Married partner,Some college - no degree,Healthcare Support,$12500 - $24999,less1,1~3,1~3,1~3,less1
21810,Male,36,Married partner,Associates degree,Computer & Mathematical,$100000 or More,never,less1,4~8,1~3,less1
13819,Male,21,Married partner,Some college - no degree,Education&Training&Library,$25000 - $37499,never,never,1~3,1~3,less1
21149,Female,41,Married partner,Graduate degree (Masters or Doctorate),Computer & Mathematical,$75000 - $87499,less1,4~8,gt8,1~3,less1
14655,Female,below21,Unmarried partner,Some college - no degree,Student,$25000 - $37499,never,1~3,1~3,4~8,1~3
18601,Female,21,Unmarried partner,Bachelors degree,Education&Training&Library,$25000 - $37499,1~3,1~3,less1,1~3,never
13077,Male,26,Single,High School Graduate,Unemployed,$37500 - $49999,gt8,gt8,gt8,gt8,gt8
20034,Male,26,Married partner,Graduate degree (Masters or Doctorate),Community & Social Services,$100000 or More,less1,gt8,4~8,gt8,1~3
19169,Male,31,Single,Bachelors degree,Office & Administrative Support,$25000 - $37499,never,less1,less1,less1,less1
13217,Female,41,Married partner,Bachelors degree,Business & Financial,$100000 or More,1~3,less1,less1,1~3,1~3
